[7281704]	$DSM00,135126,+43.95665,+006.20590,7046.0,0.0,0.0,0F
[7282719]	$DSM00,135127,+43.95536,+006.20552,7038.0,0.0,0.0,0F
[7283704]	$DSM00,135128,+43.95408,+006.20515,7028.0,0.0,0.0,0F
[7284719]	$DSM00,135129,+43.95279,+006.20479,7022.0,0.0,0.0,0F
[7285704]	$DSM00,135130,+43.95150,+006.20440,7014.0,0.0,0.0,0F
[7286719]	$DSM00,135131,+43.95023,+006.20404,7004.0,0.0,0.0,0F
[7287704]	$DSM00,135132,+43.94894,+006.20367,6996.0,0.0,0.0,0F
[7288719]	$DSM00,135133,+43.94765,+006.20331,6986.0,0.0,0.0,0F
[7289704]	$DSM00,135134,+43.94637,+006.20294,6978.0,0.0,0.0,0F
[7290719]	$DSM00,135135,+43.94508,+006.20258,6970.0,0.0,0.0,0F
[7291704]	$DSM00,135136,+43.94379,+006.20221,6962.0,0.0,0.0,0F
[7292704]	$DSM00,135137,+43.94252,+006.20185,6954.0,0.0,0.0,0F
[7293704]	$DSM00,135138,+43.94123,+006.20148,6944.0,0.0,0.0,0F
[7296110]	$DSM00,135140,+43.93866,+006.20075,6924.0,0.0,0.0,0F
[7296875]	$DSM00,135141,+43.93736,+006.20039,6916.0,0.0,0.0,0F
[7297719]	$DSM00,135142,+43.93608,+006.20002,6906.0,0.0,0.0,0F
[7298719]	$DSM00,135143,+43.93480,+006.19966,6898.0,0.0,0.0,0F
[7299719]	$DSM00,135144,+43.93351,+006.19929,6888.0,0.0,0.0,0F
[7300719]	$DSM00,135145,+43.93221,+006.19893,6880.0,0.0,0.0,0F
[7301719]	$DSM00,135146,+43.93093,+006.19856,6872.0,0.0,0.0,0F
[7302704]	$DSM00,135147,+43.92965,+006.19822,6864.0,0.0,0.0,0F
[7303719]	$DSM00,135148,+43.92836,+006.19786,6856.0,0.0,0.0,0F
[7304704]	$DSM00,135149,+43.92706,+006.19749,6848.0,0.0,0.0,0F
[7305719]	$DSM00,135150,+43.92577,+006.19713,6840.0,0.0,0.0,0F
[7306704]	$DSM00,135151,+43.92448,+006.19676,6832.0,0.0,0.0,0F
[7307719]	$DSM00,135152,+43.92320,+006.19640,6824.0,0.0,0.0,0F
[7308704]	$DSM00,135153,+43.92190,+006.19603,6816.0,0.0,0.0,0F
[7309719]	$DSM00,135154,+43.92061,+006.19567,6808.0,0.0,0.0,0F
[7310704]	$DSM00,135155,+43.91932,+006.19530,6800.0,0.0,0.0,0F
[7311719]	$DSM00,135156,+43.91804,+006.19494,6792.0,0.0,0.0,0F
[7312704]	$DSM00,135157,+43.91674,+006.19457,6784.0,0.0,0.0,0F
[7313719]	$DSM00,135158,+43.91545,+006.19419,6776.0,0.0,0.0,0F
[7314719]	$DSM00,135159,+43.91416,+006.19382,6768.0,0.0,0.0,0F
[7315719]	$DSM00,135200,+43.91287,+006.19346,6760.0,0.0,0.0,0F
[7316719]	$DSM00,135201,+43.91158,+006.19309,6752.0,0.0,0.0,0F
[7317704]	$DSM00,135202,+43.91029,+006.19273,6744.0,0.0,0.0,0F
[7318719]	$DSM00,135203,+43.90900,+006.19236,6736.0,0.0,0.0,0F
[7319704]	$DSM00,135204,+43.90771,+006.19200,6728.0,0.0,0.0,0F
[7320719]	$DSM00,135205,+43.90641,+006.19163,6720.0,0.0,0.0,0F
[7321704]	$DSM00,135206,+43.90512,+006.19125,6714.0,0.0,0.0,0F
[7322719]	$DSM00,135207,+43.90383,+006.19088,6706.0,0.0,0.0,0F
[7323704]	$DSM00,135208,+43.90254,+006.19052,6698.0,0.0,0.0,0F
[7324719]	$DSM00,135209,+43.90124,+006.19013,6690.0,0.0,0.0,0F
[7325704]	$DSM00,135210,+43.89995,+006.18977,6682.0,0.0,0.0,0F
[7326719]	$DSM00,135211,+43.89866,+006.18940,6674.0,0.0,0.0,0F
[7327704]	$DSM00,135212,+43.89736,+006.18901,6666.0,0.0,0.0,0F
[7328719]	$DSM00,135213,+43.89608,+006.18865,6658.0,0.0,0.0,0F
[7329704]	$DSM00,135214,+43.89478,+006.18826,6650.0,0.0,0.0,0F
[7330719]	$DSM00,135215,+43.89349,+006.18790,6642.0,0.0,0.0,0F
[7331719]	$DSM00,135216,+43.89220,+006.18751,6634.0,0.0,0.0,0F
[7332704]	$DSM00,135217,+43.89091,+006.18715,6626.0,0.0,0.0,0F
[7333719]	$DSM00,135218,+43.88961,+006.18676,6618.0,0.0,0.0,0F
[7334719]	$DSM00,135219,+43.88832,+006.18638,6610.0,0.0,0.0,0F
[7335719]	$DSM00,135220,+43.88702,+006.18599,6602.0,0.0,0.0,0F
[7336719]	$DSM00,135221,+43.88573,+006.18562,6594.0,0.0,0.0,0F
[7337719]	$DSM00,135222,+43.88444,+006.18524,6586.0,0.0,0.0,0F
[7338704]	$DSM00,135223,+43.88315,+006.18485,6578.0,0.0,0.0,0F
[7339719]	$DSM00,135224,+43.88185,+006.18447,6570.0,0.0,0.0,0F
[7340704]	$DSM00,135225,+43.88056,+006.18408,6562.0,0.0,0.0,0F
[7341719]	$DSM00,135226,+43.87927,+006.18369,6554.0,0.0,0.0,0F
[7342704]	$DSM00,135227,+43.87796,+006.18331,6546.0,0.0,0.0,0F
[7343719]	$DSM00,135228,+43.87668,+006.18292,6538.0,0.0,0.0,0F
[7344704]	$DSM00,135229,+43.87538,+006.18253,6530.0,0.0,0.0,0F
[7345719]	$DSM00,135230,+43.87408,+006.18217,6522.0,0.0,0.0,0F
[7346704]	$DSM00,135231,+43.87279,+006.18178,6516.0,0.0,0.0,0F
[7347719]	$DSM00,135232,+43.87150,+006.18140,6508.0,0.0,0.0,0F
[7348719]	$DSM00,135233,+43.87020,+006.18101,6500.0,0.0,0.0,0F
[7349704]	$DSM00,135234,+43.86890,+006.18062,6492.0,0.0,0.0,0F
[7350719]	$DSM00,135235,+43.86760,+006.18024,6484.0,0.0,0.0,0F
[7351704]	$DSM00,135236,+43.86631,+006.17985,6476.0,0.0,0.0,0F
[7352719]	$DSM00,135237,+43.86500,+006.17947,6468.0,0.0,0.0,0F
[7353704]	$DSM00,135238,+43.86371,+006.17908,6460.0,0.0,0.0,0F
[7354719]	$DSM00,135239,+43.86242,+006.17869,6452.0,0.0,0.0,0F
[7355704]	$DSM00,135240,+43.86112,+006.17831,6444.0,0.0,0.0,0F
[7356719]	$DSM00,135241,+43.85983,+006.17792,6436.0,0.0,0.0,0F
[7357704]	$DSM00,135242,+43.85852,+006.17754,6428.0,0.0,0.0,0F
[7358719]	$DSM00,135243,+43.85723,+006.17715,6420.0,0.0,0.0,0F
[7359704]	$DSM00,135244,+43.85593,+006.17676,6412.0,0.0,0.0,0F
[7360719]	$DSM00,135245,+43.85462,+006.17638,6404.0,0.0,0.0,0F
[7361704]	$DSM00,135246,+43.85333,+006.17601,6396.0,0.0,0.0,0F
[7362719]	$DSM00,135247,+43.85203,+006.17563,6388.0,0.0,0.0,0F
[7363704]	$DSM00,135248,+43.85072,+006.17524,6380.0,0.0,0.0,0F
[7364719]	$DSM00,135249,+43.84942,+006.17485,6372.0,0.0,0.0,0F
[7365719]	$DSM00,135250,+43.84813,+006.17447,6364.0,0.0,0.0,0F
[7366704]	$DSM00,135251,+43.84682,+006.17408,6356.0,0.0,0.0,0F
[7367719]	$DSM00,135252,+43.84552,+006.17369,6348.0,0.0,0.0,0F
[7368704]	$DSM00,135253,+43.84421,+006.17333,6340.0,0.0,0.0,0F
[7369719]	$DSM00,135254,+43.84292,+006.17294,6332.0,0.0,0.0,0F
[7370719]	$DSM00,135255,+43.84160,+006.17256,6324.0,0.0,0.0,0F
[7371719]	$DSM00,135256,+43.84031,+006.17217,6316.0,0.0,0.0,0F
[7372704]	$DSM00,135257,+43.83900,+006.17178,6308.0,0.0,0.0,0F
[7373719]	$DSM00,135258,+43.83770,+006.17140,6300.0,0.0,0.0,0F
[7374704]	$DSM00,135259,+43.83640,+006.17101,6292.0,0.0,0.0,0F
[7375719]	$DSM00,135300,+43.83509,+006.17063,6284.0,0.0,0.0,0F
[7376704]	$DSM00,135301,+43.83380,+006.17024,6276.0,0.0,0.0,0F
[7377719]	$DSM00,135302,+43.83250,+006.16985,6270.0,0.0,0.0,0F
[7378704]	$DSM00,135303,+43.83121,+006.16947,6262.0,0.0,0.0,0F
[7379719]	$DSM00,135304,+43.82992,+006.16906,6252.0,0.0,0.0,0F
[7380704]	$DSM00,135305,+43.82864,+006.16867,6244.0,0.0,0.0,0F
[7381719]	$DSM00,135306,+43.82736,+006.16829,6232.0,0.0,0.0,0F
[7382719]	$DSM00,135307,+43.82608,+006.16788,6220.0,0.0,0.0,0F
[7383704]	$DSM00,135308,+43.82480,+006.16749,6208.0,0.0,0.0,0F
[7384719]	$DSM00,135309,+43.82353,+006.16709,6196.0,0.0,0.0,0F
[7385719]	$DSM00,135310,+43.82225,+006.16670,6184.0,0.0,0.0,0F
[7386719]	$DSM00,135311,+43.82097,+006.16629,6170.0,0.0,0.0,0F
[7387704]	$DSM00,135312,+43.81971,+006.16590,6156.0,0.0,0.0,0F
[7388719]	$DSM00,135313,+43.81844,+006.16550,6142.0,0.0,0.0,0F
[7389704]	$DSM00,135314,+43.81718,+006.16509,6128.0,0.0,0.0,0F
[7390719]	$DSM00,135315,+43.81591,+006.16468,6114.0,0.0,0.0,0F
[7391704]	$DSM00,135316,+43.81464,+006.16427,6100.0,0.0,0.0,0F
[7392719]	$DSM00,135317,+43.81338,+006.16387,6084.0,0.0,0.0,0F
[7393704]	$DSM00,135318,+43.81212,+006.16346,6070.0,0.0,0.0,0F
[7394719]	$DSM00,135319,+43.81087,+006.16305,6056.0,0.0,0.0,0F
[7395704]	$DSM00,135320,+43.80960,+006.16264,6042.0,0.0,0.0,0F
[7396719]	$DSM00,135321,+43.80834,+006.16221,6028.0,0.0,0.0,0F
[7397704]	$DSM00,135322,+43.80708,+006.16181,6016.0,0.0,0.0,0F
[7398704]	$DSM00,135323,+43.80582,+006.16140,6002.0,0.0,0.0,0F
[7399719]	$DSM00,135324,+43.80457,+006.16097,5988.0,0.0,0.0,0F
[7400719]	$DSM00,135325,+43.80332,+006.16056,5974.0,0.0,0.0,0F
[7401719]	$DSM00,135326,+43.80205,+006.16013,5960.0,0.0,0.0,0F
[7402704]	$DSM00,135327,+43.80080,+006.15970,5946.0,0.0,0.0,0F
[7403719]	$DSM00,135328,+43.79953,+006.15930,5932.0,0.0,0.0,0F
[7404704]	$DSM00,135329,+43.79826,+006.15887,5918.0,0.0,0.0,0F
[7405719]	$DSM00,135330,+43.79700,+006.15846,5904.0,0.0,0.0,0F
[7406704]	$DSM00,135331,+43.79576,+006.15803,5890.0,0.0,0.0,0F
[7407719]	$DSM00,135332,+43.79448,+006.15760,5876.0,0.0,0.0,0F
[7408704]	$DSM00,135333,+43.79322,+006.15717,5862.0,0.0,0.0,0F
[7409719]	$DSM00,135334,+43.79196,+006.15676,5848.0,0.0,0.0,0F
[7410704]	$DSM00,135335,+43.79069,+006.15633,5832.0,0.0,0.0,0F
[7411719]	$DSM00,135336,+43.78941,+006.15591,5818.0,0.0,0.0,0F
[7412704]	$DSM00,135337,+43.78815,+006.15548,5804.0,0.0,0.0,0F
[7413704]	$DSM00,135338,+43.78687,+006.15505,5790.0,0.0,0.0,0F
[7414704]	$DSM00,135339,+43.78560,+006.15462,5776.0,0.0,0.0,0F
[7415704]	$DSM00,135340,+43.78432,+006.15419,5762.0,0.0,0.0,0F
[7416719]	$DSM00,135341,+43.78305,+006.15376,5746.0,0.0,0.0,0F
[7417719]	$DSM00,135342,+43.78177,+006.15333,5732.0,0.0,0.0,0F
[7418719]	$DSM00,135343,+43.78050,+006.15290,5718.0,0.0,0.0,0F
[7419704]	$DSM00,135344,+43.77922,+006.15247,5702.0,0.0,0.0,0F
[7420719]	$DSM00,135345,+43.77793,+006.15206,5688.0,0.0,0.0,0F
[7421719]	$DSM00,135346,+43.77664,+006.15166,5674.0,0.0,0.0,0F
[7422719]	$DSM00,135347,+43.77536,+006.15129,5658.0,0.0,0.0,0F
[7423704]	$DSM00,135348,+43.77405,+006.15095,5642.0,0.0,0.0,0F
[7424719]	$DSM00,135349,+43.77276,+006.15063,5628.0,0.0,0.0,0F
[7425704]	$DSM00,135350,+43.77144,+006.15037,5612.0,0.0,0.0,0F
[7426719]	$DSM00,135351,+43.77011,+006.15016,5596.0,0.0,0.0,0F
[7427704]	$DSM00,135352,+43.76879,+006.15000,5582.0,0.0,0.0,0F
[7428704]	$DSM00,135353,+43.76746,+006.14990,5566.0,0.0,0.0,0F
[7429704]	$DSM00,135354,+43.76613,+006.14983,5550.0,0.0,0.0,0F
[7430704]	$DSM00,135355,+43.76479,+006.14983,5536.0,0.0,0.0,0F
[7431704]	$DSM00,135356,+43.76346,+006.14988,5520.0,0.0,0.0,0F
[7432719]	$DSM00,135357,+43.76212,+006.14998,5504.0,0.0,0.0,0F
[7433719]	$DSM00,135358,+43.76079,+006.15011,5490.0,0.0,0.0,0F
[7434719]	$DSM00,135359,+43.75944,+006.15031,5474.0,0.0,0.0,0F
[7435719]	$DSM00,135400,+43.75812,+006.15054,5460.0,0.0,0.0,0F
[7436704]	$DSM00,135401,+43.75680,+006.15084,5444.0,0.0,0.0,0F
[7437719]	$DSM00,135402,+43.75548,+006.15119,5430.0,0.0,0.0,0F
[7438704]	$DSM00,135403,+43.75416,+006.15157,5416.0,0.0,0.0,0F
[7439719]	$DSM00,135404,+43.75287,+006.15202,5400.0,0.0,0.0,0F
[7440704]	$DSM00,135405,+43.75157,+006.15249,5386.0,0.0,0.0,0F
[7441719]	$DSM00,135406,+43.75028,+006.15303,5372.0,0.0,0.0,0F
[7442704]	$DSM00,135407,+43.74902,+006.15363,5358.0,0.0,0.0,0F
[7443719]	$DSM00,135408,+43.74775,+006.15425,5344.0,0.0,0.0,0F
[7444704]	$DSM00,135409,+43.74651,+006.15494,5328.0,0.0,0.0,0F
[7445719]	$DSM00,135410,+43.74528,+006.15565,5314.0,0.0,0.0,0F
[7446704]	$DSM00,135411,+43.74405,+006.15640,5300.0,0.0,0.0,0F
[7447719]	$DSM00,135412,+43.74284,+006.15721,5286.0,0.0,0.0,0F
[7448704]	$DSM00,135413,+43.74164,+006.15807,5272.0,0.0,0.0,0F
[7449719]	$DSM00,135414,+43.74048,+006.15897,5258.0,0.0,0.0,0F
[7450704]	$DSM00,135415,+43.73932,+006.15992,5244.0,0.0,0.0,0F
[7451719]	$DSM00,135416,+43.73820,+006.16091,5230.0,0.0,0.0,0F
[7452719]	$DSM00,135417,+43.73708,+006.16191,5218.0,0.0,0.0,0F
[7453704]	$DSM00,135418,+43.73600,+006.16299,5204.0,0.0,0.0,0F
[7454719]	$DSM00,135419,+43.73492,+006.16410,5190.0,0.0,0.0,0F
[7455719]	$DSM00,135420,+43.73388,+006.16524,5178.0,0.0,0.0,0F
[7456719]	$DSM00,135421,+43.73285,+006.16644,5164.0,0.0,0.0,0F
[7457704]	$DSM00,135422,+43.73185,+006.16766,5152.0,0.0,0.0,0F
[7458719]	$DSM00,135423,+43.73088,+006.16893,5138.0,0.0,0.0,0F
[7459704]	$DSM00,135424,+43.72993,+006.17022,5126.0,0.0,0.0,0F
[7460719]	$DSM00,135425,+43.72902,+006.17155,5112.0,0.0,0.0,0F
[7461704]	$DSM00,135426,+43.72813,+006.17292,5100.0,0.0,0.0,0F
[7462719]	$DSM00,135427,+43.72725,+006.17432,5088.0,0.0,0.0,0F
[7463704]	$DSM00,135428,+43.72640,+006.17573,5076.0,0.0,0.0,0F
[7464719]	$DSM00,135429,+43.72557,+006.17717,5064.0,0.0,0.0,0F
[7465704]	$DSM00,135430,+43.72476,+006.17861,5052.0,0.0,0.0,0F
[7466719]	$DSM00,135431,+43.72396,+006.18009,5040.0,0.0,0.0,0F
[7467704]	$DSM00,135432,+43.72317,+006.18157,5028.0,0.0,0.0,0F
[7468719]	$DSM00,135433,+43.72239,+006.18305,5016.0,0.0,0.0,0F
[7469719]	$DSM00,135434,+43.72163,+006.18453,5004.0,0.0,0.0,0C
[7470719]	$DSM00,135435,+43.72087,+006.18601,4992.0,0.0,0.0,0C
[7471719]	$DSM00,135436,+43.72010,+006.18751,4982.0,0.0,0.0,0C
[7472704]	$DSM00,135437,+43.71936,+006.18899,4970.0,0.0,0.0,0C
[7473719]	$DSM00,135438,+43.71860,+006.19050,4958.0,0.0,0.0,0C
[7474704]	$DSM00,135439,+43.71785,+006.19200,4946.0,0.0,0.0,0C
[7475719]	$DSM00,135440,+43.71711,+006.19350,4934.0,0.0,0.0,0C
[7476704]	$DSM00,135441,+43.71637,+006.19500,4924.0,0.0,0.0,0C
[7477719]	$DSM00,135442,+43.71563,+006.19650,4912.0,0.0,0.0,0C
[7478704]	$DSM00,135443,+43.71491,+006.19801,4900.0,0.0,0.0,0C
[7479719]	$DSM00,135444,+43.71418,+006.19951,4890.0,0.0,0.0,0C
[7480704]	$DSM00,135445,+43.71345,+006.20101,4878.0,0.0,0.0,0C
[7481719]	$DSM00,135446,+43.71273,+006.20251,4866.0,0.0,0.0,0C
[7482704]	$DSM00,135447,+43.71200,+006.20401,4856.0,0.0,0.0,0C
[7483719]	$DSM00,135448,+43.71128,+006.20552,4844.0,0.0,0.0,0C
[7484704]	$DSM00,135449,+43.71056,+006.20702,4834.0,0.0,0.0,0C
[7485719]	$DSM00,135450,+43.70984,+006.20852,4822.0,0.0,0.0,0C
[7486719]	$DSM00,135451,+43.70912,+006.21002,4810.0,0.0,0.0,0C
[7487704]	$DSM00,135452,+43.70841,+006.21152,4800.0,0.0,0.0,0C
[7488719]	$DSM00,135453,+43.70770,+006.21303,4788.0,0.0,0.0,0C
[7489704]	$DSM00,135454,+43.70698,+006.21451,4778.0,0.0,0.0,0C
[7490719]	$DSM00,135455,+43.70628,+006.21601,4766.0,0.0,0.0,0C
[7491704]	$DSM00,135456,+43.70556,+006.21751,4756.0,0.0,0.0,0C
[7492719]	$DSM00,135457,+43.70486,+006.21899,4744.0,0.0,0.0,0C
[7493704]	$DSM00,135458,+43.70415,+006.22049,4732.0,0.0,0.0,0C
[7494719]	$DSM00,135459,+43.70344,+006.22197,4722.0,0.0,0.0,0C
[7495704]	$DSM00,135500,+43.70273,+006.22348,4710.0,0.0,0.0,0C
[7496719]	$DSM00,135501,+43.70204,+006.22496,4700.0,0.0,0.0,0C
[7497704]	$DSM00,135502,+43.70132,+006.22644,4688.0,0.0,0.0,0C
[7498719]	$DSM00,135503,+43.70062,+006.22794,4678.0,0.0,0.0,0C
[7499704]	$DSM00,135504,+43.69992,+006.22942,4666.0,0.0,0.0,0C
[7500719]	$DSM00,135505,+43.69921,+006.23090,4656.0,0.0,0.0,0C
[7501704]	$DSM00,135506,+43.69852,+006.23240,4644.0,0.0,0.0,0C
[7502704]	$DSM00,135507,+43.69782,+006.23388,4634.0,0.0,0.0,0C
[7503719]	$DSM00,135508,+43.69712,+006.23536,4624.0,0.0,0.0,0C
[7504704]	$DSM00,135509,+43.69641,+006.23684,4612.0,0.0,0.0,0C
[7505719]	$DSM00,135510,+43.69572,+006.23832,4602.0,0.0,0.0,0C
[7506704]	$DSM00,135511,+43.69502,+006.23981,4590.0,0.0,0.0,0C
[7507719]	$DSM00,135512,+43.69432,+006.24129,4580.0,0.0,0.0,0C
[7508704]	$DSM00,135513,+43.69363,+006.24274,4568.0,0.0,0.0,0C
[7509719]	$DSM00,135514,+43.69292,+006.24423,4556.0,0.0,0.0,0C
[7510704]	$DSM00,135515,+43.69223,+006.24571,4546.0,0.0,0.0,0C
[7511719]	$DSM00,135516,+43.69152,+006.24717,4534.0,0.0,0.0,0C
[7512704]	$DSM00,135517,+43.69084,+006.24865,4524.0,0.0,0.0,0C
[7513719]	$DSM00,135518,+43.69012,+006.25010,4512.0,0.0,0.0,0C
[7514704]	$DSM00,135519,+43.68943,+006.25156,4502.0,0.0,0.0,0C
[7515719]	$DSM00,135520,+43.68873,+006.25302,4490.0,0.0,0.0,0C
[7516704]	$DSM00,135521,+43.68804,+006.25450,4480.0,0.0,0.0,0C
[7517719]	$DSM00,135522,+43.68734,+006.25596,4468.0,0.0,0.0,0C
[7518704]	$DSM00,135523,+43.68664,+006.25742,4458.0,0.0,0.0,0C
[7519704]	$DSM00,135524,+43.68596,+006.25888,4446.0,0.0,0.0,0C
[7520719]	$DSM00,135525,+43.68524,+006.26034,4436.0,0.0,0.0,0C
[7521704]	$DSM00,135526,+43.68455,+006.26180,4426.0,0.0,0.0,0C
[7522719]	$DSM00,135527,+43.68386,+006.26326,4414.0,0.0,0.0,0C
[7523704]	$DSM00,135528,+43.68316,+006.26472,4402.0,0.0,0.0,0C
[7524719]	$DSM00,135529,+43.68247,+006.26618,4392.0,0.0,0.0,0C
[7525704]	$DSM00,135530,+43.68178,+006.26764,4380.0,0.0,0.0,0C
[7526719]	$DSM00,135531,+43.68109,+006.26909,4370.0,0.0,0.0,0C
[7527704]	$DSM00,135532,+43.68040,+006.27055,4358.0,0.0,0.0,0C
[7528719]	$DSM00,135533,+43.67970,+006.27201,4346.0,0.0,0.0,0C
[7529704]	$DSM00,135534,+43.67901,+006.27347,4334.0,0.0,0.0,0C
[7530719]	$DSM00,135535,+43.67832,+006.27493,4324.0,0.0,0.0,0C
[7531704]	$DSM00,135536,+43.67763,+006.27639,4312.0,0.0,0.0,0C
[7532719]	$DSM00,135537,+43.67694,+006.27785,4300.0,0.0,0.0,0C
[7533704]	$DSM00,135538,+43.67625,+006.27931,4288.0,0.0,0.0,0C
[7534719]	$DSM00,135539,+43.67557,+006.28077,4276.0,0.0,0.0,0C
[7535704]	$DSM00,135540,+43.67488,+006.28223,4264.0,0.0,0.0,0C
[7536704]	$DSM00,135541,+43.67420,+006.28369,4254.0,0.0,0.0,0C
[7537719]	$DSM00,135542,+43.67351,+006.28515,4242.0,0.0,0.0,0C
[7538704]	$DSM00,135543,+43.67282,+006.28660,4230.0,0.0,0.0,0C
[7539719]	$DSM00,135544,+43.67213,+006.28808,4218.0,0.0,0.0,0C
[7540704]	$DSM00,135545,+43.67145,+006.28954,4206.0,0.0,0.0,0C
[7541719]	$DSM00,135546,+43.67076,+006.29100,4194.0,0.0,0.0,0C
[7542704]	$DSM00,135547,+43.67008,+006.29246,4182.0,0.0,0.0,0C
[7543719]	$DSM00,135548,+43.66939,+006.29392,4172.0,0.0,0.0,0C
[7544704]	$DSM00,135549,+43.66870,+006.29540,4160.0,0.0,0.0,0C
[7545719]	$DSM00,135550,+43.66801,+006.29686,4148.0,0.0,0.0,0C
[7546704]	$DSM00,135551,+43.66734,+006.29832,4136.0,0.0,0.0,0C
[7547719]	$DSM00,135552,+43.66665,+006.29978,4124.0,0.0,0.0,0C
[7548704]	$DSM00,135553,+43.66596,+006.30124,4112.0,0.0,0.0,0C
[7549719]	$DSM00,135554,+43.66528,+006.30270,4100.0,0.0,0.0,0C
[7550704]	$DSM00,135555,+43.66460,+006.30418,4088.0,0.0,0.0,0C
[7551704]	$DSM00,135556,+43.66392,+006.30564,4076.0,0.0,0.0,0C
[7552704]	$DSM00,135557,+43.66322,+006.30710,4064.0,0.0,0.0,0C
[7553704]	$DSM00,135558,+43.66253,+006.30856,4052.0,0.0,0.0,0C
[7554719]	$DSM00,135559,+43.66184,+006.31001,4040.0,0.0,0.0,0C
[7555704]	$DSM00,135600,+43.66116,+006.31150,4028.0,0.0,0.0,0C
[7556719]	$DSM00,135601,+43.66046,+006.31295,4014.0,0.0,0.0,0C
[7557704]	$DSM00,135602,+43.65977,+006.31441,4002.0,0.0,0.0,0C
[7558719]	$DSM00,135603,+43.65909,+006.31587,3990.0,0.0,0.0,0C
[7559704]	$DSM00,135604,+43.65840,+006.31733,3978.0,0.0,0.0,0C
[7560719]	$DSM00,135605,+43.65771,+006.31881,3966.0,0.0,0.0,0C
[7561704]	$DSM00,135606,+43.65700,+006.32027,3952.0,0.0,0.0,0C
[7562719]	$DSM00,135607,+43.65632,+006.32173,3940.0,0.0,0.0,0C
[7563704]	$DSM00,135608,+43.65564,+006.32321,3928.0,0.0,0.0,0C
[7564719]	$DSM00,135609,+43.65494,+006.32467,3916.0,0.0,0.0,0C
[7565704]	$DSM00,135610,+43.65424,+006.32615,3902.0,0.0,0.0,0C
[7566719]	$DSM00,135611,+43.65354,+006.32761,3890.0,0.0,0.0,0C
[7567704]	$DSM00,135612,+43.65285,+006.32907,3876.0,0.0,0.0,0C
[7568719]	$DSM00,135613,+43.65216,+006.33055,3864.0,0.0,0.0,0C
[7569704]	$DSM00,135614,+43.65146,+006.33201,3852.0,0.0,0.0,0C
[7570704]	$DSM00,135615,+43.65077,+006.33349,3838.0,0.0,0.0,0C
[7571719]	$DSM00,135616,+43.65008,+006.33495,3826.0,0.0,0.0,0C
[7572704]	$DSM00,135617,+43.64938,+006.33643,3812.0,0.0,0.0,0C
[7573719]	$DSM00,135618,+43.64868,+006.33791,3800.0,0.0,0.0,0C
[7574704]	$DSM00,135619,+43.64800,+006.33937,3788.0,0.0,0.0,0C
[7575719]	$DSM00,135620,+43.64730,+006.34085,3774.0,0.0,0.0,0C
[7576704]	$DSM00,135621,+43.64660,+006.34231,3762.0,0.0,0.0,0C
[7577704]	$DSM00,135622,+43.64590,+006.34379,3750.0,0.0,0.0,0C
[7578704]	$DSM00,135623,+43.64520,+006.34527,3736.0,0.0,0.0,0C
[7579719]	$DSM00,135624,+43.64451,+006.34673,3724.0,0.0,0.0,0C
[7580704]	$DSM00,135625,+43.64381,+006.34821,3710.0,0.0,0.0,0C
[7581719]	$DSM00,135626,+43.64312,+006.34969,3698.0,0.0,0.0,0C
[7582704]	$DSM00,135627,+43.64243,+006.35115,3686.0,0.0,0.0,0C
[7583704]	$DSM00,135628,+43.64172,+006.35263,3672.0,0.0,0.0,0C
[7584704]	$DSM00,135629,+43.64102,+006.35411,3660.0,0.0,0.0,0C
[7585704]	$DSM00,135630,+43.64032,+006.35559,3648.0,0.0,0.0,0C
[7586704]	$DSM00,135631,+43.63963,+006.35707,3634.0,0.0,0.0,0C
[7587704]	$DSM00,135632,+43.63894,+006.35853,3622.0,0.0,0.0,0C
[7588719]	$DSM00,135633,+43.63823,+006.36001,3610.0,0.0,0.0,0C
[7589704]	$DSM00,135634,+43.63753,+006.36149,3596.0,0.0,0.0,0C
[7590719]	$DSM00,135635,+43.63684,+006.36297,3584.0,0.0,0.0,0C
[7591704]	$DSM00,135636,+43.63614,+006.36443,3572.0,0.0,0.0,0C
[7592719]	$DSM00,135637,+43.63544,+006.36591,3558.0,0.0,0.0,0C
[7593704]	$DSM00,135638,+43.63475,+006.36739,3546.0,0.0,0.0,0C
[7594719]	$DSM00,135639,+43.63404,+006.36887,3532.0,0.0,0.0,0C
[7595704]	$DSM00,135640,+43.63335,+006.37033,3520.0,0.0,0.0,0C
[7596719]	$DSM00,135641,+43.63265,+006.37181,3508.0,0.0,0.0,0C
[7597704]	$DSM00,135642,+43.63196,+006.37329,3496.0,0.0,0.0,0C
[7598719]	$DSM00,135643,+43.63126,+006.37475,3482.0,0.0,0.0,0C
[7599704]	$DSM00,135644,+43.63057,+006.37621,3470.0,0.0,0.0,0C
[7600704]	$DSM00,135645,+43.62988,+006.37767,3458.0,0.0,0.0,0C
[7601704]	$DSM00,135646,+43.62919,+006.37913,3446.0,0.0,0.0,0C
[7602704]	$DSM00,135647,+43.62849,+006.38059,3434.0,0.0,0.0,0C
[7603704]	$DSM00,135648,+43.62780,+006.38205,3422.0,0.0,0.0,0C
[7604704]	$DSM00,135649,+43.62712,+006.38351,3410.0,0.0,0.0,0C
[7605719]	$DSM00,135650,+43.62643,+006.38494,3396.0,0.0,0.0,0C
[7606704]	$DSM00,135651,+43.62574,+006.38638,3386.0,0.0,0.0,0C
[7607719]	$DSM00,135652,+43.62507,+006.38784,3374.0,0.0,0.0,0C
[7608704]	$DSM00,135653,+43.62438,+006.38928,3362.0,0.0,0.0,0C
[7609719]	$DSM00,135654,+43.62371,+006.39070,3350.0,0.0,0.0,0C
[7610704]	$DSM00,135655,+43.62303,+006.39213,3338.0,0.0,0.0,0C
