

[9336875]	$DSM00,152847,+50.80500,+002.52595,3176.0,76.0,8.4,0F


[9336938]	$DSM01,152847,+50.80004,+002.48531,164.0,0.0,0.0,0F


[9337032]	$DSM04,152847,+50.79190,+002.48209,228.0,48.0,293.9,0F


[9337297]	$DSM0B,152847,+50.80131,+002.48664,168.0,11.0,338.9,0F


[9337329]	$DSM0C,152847,+50.79975,+002.48677,174.0,0.0,0.0,0F


[9337391]	$DSM0E,152847,+50.79188,+002.48220,230.0,48.0,293.9,0F


[9337860]	$DSM00,152848,+50.80566,+002.52610,3176.0,76.0,8.4,0F


[9337938]	$DSM01,152848,+50.80004,+002.48531,164.0,0.0,0.0,0F


[9338047]	$DSM04,152848,+50.79209,+002.48147,230.0,48.0,296.7,0F


[9338282]	$DSM0B,152848,+50.80140,+002.48658,170.0,10.0,334.7,0F


[9338313]	$DSM0C,152848,+50.79975,+002.48677,174.0,0.0,0.0,0F


[9338875]	$DSM00,152849,+50.80635,+002.52623,3176.0,76.0,7.0,0F


[9338938]	$DSM01,152849,+50.80004,+002.48531,164.0,0.0,0.0,0F


[9339047]	$DSM04,152849,+50.79229,+002.48087,230.0,49.0,298.1,0F


[9339282]	$DSM0B,152849,+50.80148,+002.48652,170.0,10.0,336.1,0F


[9339313]	$DSM0C,152849,+50.79975,+002.48677,174.0,0.0,0.0,0F


[9339860]	$DSM00,152850,+50.80701,+002.52638,3176.0,76.0,7.0,0F


[9340032]	$DSM04,152850,+50.79251,+002.48025,230.0,49.0,299.5,0F


[9340282]	$DSM0B,152850,+50.80156,+002.48647,170.0,10.0,336.1,0F


[9340329]	$DSM0C,152850,+50.79975,+002.48677,174.0,0.0,0.0,0F


[9340391]	$DSM0E,152850,+50.79247,+002.48038,234.0,48.0,298.1,0F


[9340875]	$DSM00,152851,+50.80770,+002.52649,3178.0,76.0,5.6,0F


[9340938]	$DSM01,152851,+50.80004,+002.48531,164.0,0.0,0.0,0F


[9341047]	$DSM04,152851,+50.79272,+002.47965,230.0,48.0,299.5,0F


[9341282]	$DSM0B,152851,+50.80164,+002.48641,168.0,10.0,330.5,0F


[9341313]	$DSM0C,152851,+50.79975,+002.48677,174.0,0.0,0.0,0F


[9341391]	$DSM0E,152851,+50.79269,+002.47976,234.0,48.0,299.5,0F


[9341875]	$DSM00,152852,+50.80838,+002.52660,3178.0,76.0,5.6,0F


[9341938]	$DSM01,152852,+50.80004,+002.48531,164.0,0.0,0.0,0F


[9342032]	$DSM04,152852,+50.79295,+002.47907,232.0,48.0,300.9,0F


[9342297]	$DSM0B,152852,+50.80172,+002.48634,168.0,10.0,323.4,0F


[9342329]	$DSM0C,152852,+50.79975,+002.48677,174.0,0.0,0.0,0F


[9342391]	$DSM0E,152852,+50.79291,+002.47918,234.0,48.0,300.9,0F


[9342875]	$DSM00,152853,+50.80904,+002.52671,3178.0,76.0,5.6,0F


[9342938]	$DSM01,152853,+50.80004,+002.48531,164.0,0.0,0.0,0F


[9343047]	$DSM04,152853,+50.79319,+002.47849,232.0,49.0,302.3,0F


[9343282]	$DSM0B,152853,+50.80179,+002.48624,168.0,11.0,309.4,0F


[9343313]	$DSM0C,152853,+50.79975,+002.48677,174.0,0.0,0.0,0F


[9343391]	$DSM0E,152853,+50.79314,+002.47858,234.0,48.0,302.3,0F


[9343875]	$DSM00,152854,+50.80973,+002.52679,3178.0,76.0,4.2,0F


[9343938]	$DSM01,152854,+50.80004,+002.48531,164.0,0.0,0.0,0F


[9344032]	$DSM04,152854,+50.79343,+002.47791,234.0,49.0,303.7,0F


[9344297]	$DSM0B,152854,+50.80187,+002.48611,168.0,12.0,306.6,0F


[9344329]	$DSM0C,152854,+50.79975,+002.48677,174.0,0.0,0.0,0F


[9344391]	$DSM0E,152854,+50.79338,+002.47800,236.0,48.0,302.3,0F


[9344860]	$DSM00,152855,+50.81040,+002.52688,3178.0,76.0,4.2,0F


[9344938]	$DSM01,152855,+50.80004,+002.48531,164.0,0.0,0.0,0F


[9345047]	$DSM04,152855,+50.79367,+002.47733,234.0,48.0,303.7,0F


[9345282]	$DSM0B,152855,+50.80192,+002.48598,168.0,12.0,303.7,0F


[9345313]	$DSM0C,152855,+50.79975,+002.48677,174.0,0.0,0.0,0F


[9345391]	$DSM0E,152855,+50.79363,+002.47742,238.0,48.0,303.7,0F


[9345875]	$DSM00,152856,+50.81108,+002.52694,3178.0,76.0,4.2,0F


[9345938]	$DSM01,152856,+50.80004,+002.48531,164.0,0.0,0.0,0F


[9346032]	$DSM04,152856,+50.79392,+002.47677,236.0,47.0,305.2,0F


[9346297]	$DSM0B,152856,+50.80198,+002.48583,168.0,11.0,300.9,0F


[9346329]	$DSM0C,152856,+50.79975,+002.48677,174.0,0.0,0.0,0F


[9346391]	$DSM0E,152856,+50.79387,+002.65127,240.0,48.0,305.2,0B


[9346860]	$DSM00,152857,+50.81176,+002.52698,3178.0,76.0,2.8,0F


[9346922]	$DSM01,152857,+50.80004,+002.48531,164.0,0.0,0.0,0F


[9347047]	$DSM04,152857,+50.79418,+002.47624,238.0,47.0,306.6,0F


[9347282]	$DSM0B,152857,+50.80204,+002.48570,168.0,11.0,306.6,0F


[9347313]	$DSM0C,152857,+50.79975,+002.48677,174.0,0.0,0.0,0F


[9347391]	$DSM0E,152857,+50.79413,+002.47630,242.0,48.0,308.0,0F


[9347875]	$DSM00,152858,+50.81244,+002.52705,3178.0,76.0,2.8,0F


[9347938]	$DSM01,152858,+50.80004,+002.48531,164.0,0.0,0.0,0F


[9348032]	$DSM04,152858,+50.79448,+362.47568,242.0,47.0,309.4,0B


[9348282]	$DSM0B,152858,+50.80210,+002.48557,166.0,12.0,306.6,0F


[9348313]	$DSM0C,152858,+50.79975,+002.48677,174.0,0.0,0.0,0F


[9348860]	$DSM00,152859,+50.81313,+002.52709,3178.0,76.0,1.4,0F


[9349032]	$DSM05,152859,+50.09161,+002.47521,246.0,46.0,312.2,0B


[9349282]	$DSM0B,152859,+50.80216,+002.48544,166.0,12.0,303.7,0F


[9349313]	$DSM0C,152859,+50.79975,+002.48677,174.0,0.0,0.0,0F


[9349391]	$DSM0E,152859,+50.79468,+002.47527,248.0,46.0,312.2,0F


[9349875]	$DSM00,152900,+50.81380,+002.52711,3178.0,76.0,1.4,0F


[9349938]	$DSM01,152900,+50.80004,+002.48531,164.0,0.0,0.0,0F


[9350032]	$DSM04,152900,+50.79503,+002.47473,248.0,46.0,313.6,0F


[9350282]	$DSM0B,152900,+50.80223,+002.48529,166.0,12.0,302.3,0F


[9350313]	$DSM0C,152900,+50.79975,+002.48677,174.0,0.0,0.0,0F


[9350375]	$DSM0F,152900,+50.79496,+002.47480,252.0,46.0,315.0,0B


[9350860]	$DSM00,152901,+50.81448,+002.52713,3176.0,76.0,1.4,0F


[9350938]	$DSM01,152901,+50.80004,+002.48531,164.0,0.0,0.0,0F


[9351032]	$DSM04,152901,+50.79533,+002.47428,252.0,45.0,316.4,0F


[9351282]	$DSM0B,152901,+50.80228,+002.48514,166.0,12.0,303.7,0F


[9351329]	$DSM0C,152901,+50.79975,+002.48677,174.0,0.0,0.0,0F


[9351391]	$DSM0E,152901,+50.79527,+002.47435,256.0,45.0,316.4,0F


[9351875]	$DSM00,152902,+50.81517,+002.52716,3176.0,76.0,0.0,0F


[9351938]	$DSM01,152902,+50.80004,+002.48531,164.0,0.0,0.0,0F


[9352047]	$DSM04,152902,+50.79564,+002.47386,254.0,45.0,319.2,0F


[9352282]	$DSM0B,152902,+50.80234,+002.48501,166.0,12.0,302.3,0F


[9352313]	$DSM0C,152902,+50.79975,+002.48677,174.0,0.0,0.0,0F


[9352375]	$DSM0E,152902,+50.79558,+002.47392,258.0,45.0,319.2,0F


[9352860]	$DSM00,152903,+50.81585,+002.52716,3176.0,76.0,0.0,0F


[9352938]	$DSM01,152903,+50.80004,+002.48531,164.0,0.0,0.0,0F


[9353032]	$DSM04,152903,+50.79596,+002.47345,256.0,45.0,319.2,0F


[9353282]	$DSM0B,152903,+50.80241,+002.48486,166.0,12.0,303.7,0F


[9353329]	$DSM0C,152903,+50.79975,+002.48677,174.0,0.0,0.0,0F


[9353391]	$DSM0E,152903,+50.79589,+002.47351,260.0,45.0,319.2,0F


[9353860]	$DSM00,152904,+50.81653,+002.52713,3176.0,76.0,358.6,0F


[9353938]	$DSM01,152904,+50.80003,+002.48531,164.0,0.0,0.0,0F


[9354047]	$DSM04,152904,+50.79627,+002.47302,258.0,46.0,320.6,0F


[9354282]	$DSM0B,152904,+50.80247,+002.48473,166.0,12.0,303.7,0F


[9354313]	$DSM0C,152904,+50.79975,+002.48677,174.0,0.0,0.0,0F


[9354391]	$DSM0E,152904,+50.79620,+002.47308,262.0,46.0,319.2,0F


[9354875]	$DSM00,152905,+50.81722,+002.52709,3176.0,76.0,357.2,0F


[9354938]	$DSM01,152905,+50.80003,+002.48531,164.0,0.0,0.0,0F


[9355032]	$DSM04,152905,+50.79659,+002.47261,258.0,46.0,320.6,0F


[9355282]	$DSM0B,152905,+50.80252,+002.48458,166.0,12.0,300.9,0F


[9355313]	$DSM0C,152905,+50.79975,+002.48677,174.0,0.0,0.0,0F


[9355860]	$DSM00,152906,+50.81789,+002.52701,3176.0,76.0,354.4,0F


[9355922]	$DSM01,152906,+50.80003,+002.48531,164.0,0.0,0.0,0F


[9356047]	$DSM04,152906,+50.79691,+002.47220,258.0,46.0,320.6,0F


[9356282]	$DSM0B,152906,+50.80256,+002.48443,166.0,12.0,291.1,0F


[9356313]	$DSM0C,152906,+50.79975,+002.48677,174.0,0.0,0.0,0F


[9356391]	$DSM0E,152906,+50.79684,+002.47225,262.0,46.0,320.6,0F


[9356875]	$DSM00,152907,+50.81857,+002.52690,3176.0,76.0,353.0,0F


[9356938]	$DSM01,152907,+50.80003,+002.48531,164.0,0.0,0.0,0F


[9357282]	$DSM0B,152907,+50.80260,+002.48428,166.0,12.0,291.1,0F


[9357313]	$DSM0C,152907,+50.79975,+002.48677,174.0,0.0,0.0,0F


[9357375]	$DSM0E,152907,+50.79718,+002.47186,262.0,47.0,322.0,0F


[9357860]	$DSM00,152908,+50.81924,+002.52675,3174.0,76.0,351.6,0F


[9357922]	$DSM01,152908,+50.80003,+002.48531,164.0,0.0,0.0,0F


[9358032]	$DSM04,152908,+50.79759,+002.47143,258.0,47.0,324.8,0F


[9358282]	$DSM0B,152908,+50.80265,+002.48411,166.0,12.0,288.3,0F


[9358313]	$DSM0C,152908,+50.79975,+002.48677,174.0,0.0,0.0,0F


[9358391]	$DSM0E,152908,+50.79752,+002.47145,260.0,47.0,324.8,0F


[9358875]	$DSM00,152909,+50.81992,+002.52656,3174.0,76.0,348.7,0F


[9358938]	$DSM01,152909,+50.80003,+002.48531,164.0,0.0,0.0,0F


[9359032]	$DSM04,152909,+50.79794,+002.47107,256.0,47.0,327.7,0F


[9359282]	$DSM0B,152909,+50.80268,+002.48396,166.0,11.0,281.2,0F


[9359313]	$DSM0C,152909,+50.79975,+002.48677,174.0,0.0,0.0,0F


[9359375]	$DSM0E,152909,+53.61037,+002.47109,258.0,47.0,327.7,0B


[9359860]	$DSM00,152910,+50.82059,+002.52634,3174.0,76.0,347.3,0F


[9359922]	$DSM01,152910,+50.80003,+002.48531,164.0,0.0,0.0,0F


[9360032]	$DSM04,152910,+50.79829,+002.47072,254.0,47.0,329.1,0F


[9360282]	$DSM0B,152910,+50.80270,+002.48381,166.0,11.0,281.2,0F


[9360313]	$DSM0C,152910,+50.79975,+002.48677,174.0,0.0,0.0,0F


[9360391]	$DSM0E,152910,+50.79823,-001.77547,264.0,47.0,329.1,0B


[9360875]	$DSM00,152911,+50.82124,+002.52608,3174.0,76.0,344.5,0F


[9360938]	$DSM01,152911,+50.80003,+002.48531,164.0,0.0,0.0,0F


[9361032]	$DSM04,152911,+50.79867,+002.47040,252.0,47.0,331.9,0F


[9361282]	$DSM0B,152911,+50.80272,+002.48366,166.0,10.0,281.2,0F


[9361313]	$DSM0C,152911,+50.79975,+002.48677,174.0,0.0,0.0,0F


[9361860]	$DSM00,152912,+50.82191,+002.52578,3172.0,76.0,343.1,0F


[9361938]	$DSM01,152912,+50.80003,+002.48531,164.0,0.0,0.0,0F


[9362032]	$DSM04,152912,+50.79904,+002.47012,252.0,46.0,334.7,0F


[9362282]	$DSM0B,152912,+50.80273,+002.48351,166.0,10.0,277.0,0F


[9362329]	$DSM0C,152912,+50.79975,+002.48677,174.0,0.0,0.0,0F


[9362391]	$DSM0E,152912,+50.79898,+002.47014,256.0,46.0,334.7,0F


[9362860]	$DSM00,152913,+50.82254,+002.52544,3172.0,76.0,341.7,0F


[9362922]	$DSM01,152913,+50.80003,+002.48531,164.0,0.0,0.0,0F


[9363047]	$DSM04,152913,+50.79943,+002.46986,252.0,46.0,337.5,0F


[9363282]	$DSM0B,152913,+50.80273,+002.48338,168.0,8.0,275.6,0F


[9363313]	$DSM0C,152913,+50.79975,+002.48677,174.0,0.0,0.0,0F


[9363375]	$DSM0E,152913,+50.79936,+002.46989,256.0,46.0,337.5,0F


[9363860]	$DSM00,152914,+50.82318,+002.52507,3172.0,76.0,338.9,0F


[9363938]	$DSM01,152914,+50.80003,+002.48531,164.0,0.0,0.0,0F


[9364032]	$DSM04,1528**,+50.79981,+002.46690,188.0,255.0,358.6,7B


[9364266]	$DSM0B,152914,+50.80273,+002.48327,168.0,7.0,274.2,0F


[9364313]	$DSM0C,152914,+50.79975,+002.48677,174.0,0.0,0.0,0F


[9364391]	$DSM0E,152914,+50.79975,+002.46967,256.0,46.0,340.3,0F


[9364860]	$DSM00,152915,+50.82382,+002.52467,3170.0,76.0,337.5,0F


[9364922]	$DSM01,152915,+50.80003,+002.48531,164.0,0.0,0.0,0F


[9365047]	$DSM04,152915,+50.80021,+002.46946,252.0,45.0,343.1,0F


[9365282]	$DSM0B,152915,+50.80273,+002.48319,168.0,6.0,270.0,0F


[9365313]	$DSM0C,152915,+50.79975,+002.48677,174.0,0.0,0.0,0F


[9365391]	$DSM0E,152915,+50.80015,+002.46948,256.0,45.0,343.1,0F


[9365875]	$DSM00,152916,+50.82444,+002.52422,3170.0,76.0,334.7,0F


[9365938]	$DSM01,152916,+50.80003,+002.48531,164.0,0.0,0.0,0F


[9366032]	$DSM04,152916,+50.80061,+002.46931,254.0,45.0,50.6,3B


[9366282]	$DSM0B,152916,+50.80273,+002.48312,168.0,4.0,270.0,0F


[9366313]	$DSM0C,152916,+50.79975,+002.48677,174.0,0.0,0.0,0F


[9366375]	$DSM0E,152916,+50.80055,+002.46931,256.0,45.0,347.3,0F


[9366860]	$DSM00,152917,+50.82505,+002.52374,3170.0,76.0,333.3,0F


[9366922]	$DSM01,152917,+50.80003,+002.48531,164.0,0.0,0.0,0F


[9367032]	$DSM04,152917,+50.80100,+002.46918,256.0,44.0,350.2,0F


[9367282]	$DSM0B,152917,+50.80273,+002.48308,168.0,3.0,282.7,0F


[9367313]	$DSM0C,152917,+50.79975,+002.48677,174.0,0.0,0.0,0F


[9367391]	$DSM0E,152917,+50.80093,+002.46920,260.0,44.0,350.2,0F


[9367875]	$DSM00,152918,+50.82565,+002.52323,3168.0,76.0,330.5,0F


[9367938]	$DSM01,152918,+50.80003,+002.48531,164.0,0.0,0.0,0F


[9368032]	$DSM04,152918,+50.80140,+002.46909,258.0,43.0,353.0,0F


[9368282]	$DSM0B,152918,+50.80273,+002.48306,170.0,2.0,284.1,0F


[9368313]	$DSM0C,152918,+50.79956,+002.48703,172.0,2.0,135.0,0F


[9368375]	$DSM0E,152918,+50.80133,+002.46911,262.0,43.0,353.0,0F


[9368860]	$DSM00,152919,+50.82624,+002.52269,3168.0,76.0,329.1,0F


[9368922]	$DSM01,152919,+50.80003,+002.48531,164.0,0.0,0.0,0F


[9369032]	$DSM04,152919,+50.80178,+002.46905,262.0,43.0,355.8,0F


[9369282]	$DSM0B,152919,+50.80272,+002.48302,170.0,2.0,278.4,0F


[9369313]	$DSM0C,152919,+50.79954,+002.48705,172.0,2.0,132.2,0F


[9369391]	$DSM0E,152919,+50.80172,+002.46905,266.0,43.0,357.2,0F


[9369860]	$DSM00,152920,+50.82681,+002.52211,3168.0,75.0,326.2,0F


[9369938]	$DSM01,152920,+50.80003,+002.48531,164.0,0.0,0.0,0F


[9370032]	$DSM04,152920,+50.80217,+002.46905,266.0,42.0,1.4,0F


[9370282]	$DSM0B,152920,+50.80272,+002.48302,170.0,1.0,258.7,0F


[9370313]	$DSM0C,152920,+50.79952,+002.48707,172.0,2.0,137.8,0F


[9370375]	$DSM0E,152920,+50.80210,+002.46905,270.0,42.0,0.0,0F


[9370860]	$DSM00,152921,+50.82736,+002.52151,3168.0,75.0,324.8,0F


[9370922]	$DSM01,152921,+50.80003,+002.48531,164.0,0.0,0.0,0F


[9371032]	$DSM04,152921,+50.80255,+002.46907,270.0,42.0,4.2,0F


[9371282]	$DSM0B,152921,+50.80272,+002.48300,170.0,0.0,250.3,0F


[9371313]	$DSM0C,152921,+50.79951,+002.48709,172.0,1.0,136.4,0F


[9371391]	$DSM0E,152921,+50.80248,+002.46909,274.0,42.0,4.2,0F


[9371860]	$DSM00,152922,+50.82792,+002.52087,3170.0,75.0,322.0,0F


[9371922]	$DSM01,152922,+50.80003,+002.48531,164.0,0.0,0.0,0F


[9372032]	$DSM04,152922,+50.80292,+002.46916,272.0,42.0,8.4,0F


[9372282]	$DSM0B,152922,+50.80270,+002.48849,172.0,255.0,358.6,7B


[9372313]	$DSM0C,152922,+50.79951,+002.48709,172.0,1.0,153.3,0F


[9372375]	$DSM0E,152922,+50.80286,+002.46916,276.0,42.0,8.4,0F


[9372860]	$DSM00,152923,+50.82845,+002.52020,3170.0,75.0,320.6,0F


[9372938]	$DSM01,152923,+50.80003,+002.48531,164.0,0.0,0.0,0F


[9373032]	$DSM04,152923,+50.80329,+002.46928,274.0,42.0,11.2,0F


[9373266]	$DSM0B,152923,+50.80270,+002.48300,172.0,0.0,0.0,0F


[9373297]	$DSM0C,152923,+50.79949,+002.48712,170.0,0.0,0.0,0F


[9373391]	$DSM0E,152923,+50.80324,+002.46928,278.0,42.0,11.2,0F


[9373860]	$DSM00,152924,+50.82896,+002.51950,3170.0,75.0,317.8,0F


[9373922]	$DSM01,152924,+50.80003,+002.48531,164.0,0.0,0.0,0F


[9374047]	$DSM04,152924,+50.80366,+002.46941,276.0,41.0,15.5,0F


[9374282]	$DSM0B,152924,+50.80270,+002.48300,172.0,0.0,0.0,0F


[9374313]	$DSM0C,152924,+50.79949,+002.48712,170.0,0.0,0.0,0F


[9374375]	$DSM0E,152924,+50.80360,+002.46941,280.0,41.0,15.5,0F


[9374860]	$DSM00,152925,+50.82946,+002.51879,3170.0,75.0,316.4,0F


[9374938]	$DSM01,152925,+50.80003,+002.48531,164.0,0.0,0.0,0F


[9375032]	$DSM04,152925,+50.80400,+002.46961,276.0,40.0,18.3,0B


[9375266]	$DSM0B,152925,+50.80270,+002.48300,172.0,0.0,0.0,0F


[9375313]	$DSM0C,152925,+50.79949,+002.48712,170.0,0.0,0.0,0F


[9375375]	$DSM0E,152925,+50.80395,+002.46958,280.0,40.0,18.3,0F


[9375860]	$DSM00,152926,+50.82993,+002.51804,3170.0,75.0,315.0,0F


[9375922]	$DSM01,152926,+50.80003,+002.48531,164.0,0.0,0.0,0F


[9376032]	$DSM04,152926,+50.80434,+002.46980,278.0,39.0,21.1,0F


[9376282]	$DSM0B,152926,+50.80270,+002.48300,172.0,2.0,254.5,0F


[9376313]	$DSM0C,152926,+50.79949,+002.48712,170.0,0.0,0.0,0F


[9376391]	$DSM0E,152926,+50.80429,+002.46978,282.0,39.0,21.1,0F


[9376875]	$DSM00,152927,+50.83040,+002.51724,3170.0,75.0,312.2,0F


[9376938]	$DSM01,152927,+50.80003,+002.48531,164.0,0.0,0.0,0F


[9377032]	$DSM04,152927,+50.80465,+002.47001,280.0,39.0,22.5,0F


[9377266]	$DSM0B,152927,+50.80269,+002.48295,172.0,3.0,244.7,0F


[9377313]	$DSM0C,152927,+50.79949,+002.48712,170.0,0.0,0.0,0F


[9377375]	$DSM0E,152927,+50.80461,+002.46999,282.0,38.0,22.5,0F


[9377860]	$DSM00,152928,+50.83084,+002.51645,3170.0,75.0,310.8,0F


[9377922]	$DSM01,152928,+50.80003,+002.48531,164.0,0.0,0.0,0F


[9378032]	$DSM04,152928,+50.80498,+002.47023,280.0,38.0,22.5,0F


[9378282]	$DSM0B,152928,+50.80268,+002.48293,172.0,3.0,232.0,0F


[9378313]	$DSM0C,152928,+50.79949,+002.48712,170.0,0.0,0.0,0F


[9378391]	$DSM0E,152928,+50.80492,+002.47021,284.0,38.0,22.5,0F


[9378860]	$DSM00,152929,+50.83126,+002.51561,3170.0,75.0,308.0,0F


[9378938]	$DSM01,152929,+50.80003,+002.48531,164.0,0.0,0.0,0F


[9379032]	$DSM04,152929,+50.80530,+002.47044,280.0,38.0,22.5,0F


[9379282]	$DSM0B,152929,+50.80267,+002.48293,172.0,1.0,212.3,0F


[9379313]	$DSM0C,152929,+50.79946,+002.48718,170.0,2.0,129.4,0F


[9379375]	$DSM0E,152929,+50.80524,+002.47042,284.0,39.0,22.5,0F


[9379860]	$DSM00,152930,+50.83166,+002.51477,3170.0,74.0,306.6,0F


[9379922]	$DSM01,152930,+50.80003,+002.48531,164.0,0.0,0.0,0F


[9380282]	$DSM0B,152930,+50.80267,+002.48293,170.0,0.0,165.9,0F


[9380313]	$DSM0C,152930,+50.79944,+002.48720,170.0,2.0,133.6,0F


[9380391]	$DSM0E,152930,+50.80556,+002.47064,284.0,39.0,22.5,0F


[9380860]	$DSM00,152931,+50.83204,+002.51390,3170.0,74.0,303.7,0F


[9380922]	$DSM01,152931,+50.80003,+002.48531,164.0,0.0,0.0,0F


[9381032]	$DSM04,152931,+50.80594,+002.47087,280.0,40.0,21.1,0F


[9381313]	$DSM0C,152931,+50.79942,+002.48722,170.0,3.0,150.5,0F


[9381375]	$DSM0E,152931,+50.80590,+002.47087,284.0,40.0,21.1,0F


[9381860]	$DSM00,152932,+50.83241,+002.51302,3170.0,74.0,302.3,0F


[9381922]	$DSM01,152932,+50.80003,+002.48531,164.0,0.0,0.0,0F


[9382032]	$DSM04,152932,+50.80628,+002.47109,280.0,41.0,21.1,0F


[9382297]	$DSM0C,152932,+50.79940,+002.48722,170.0,2.0,153.3,0F


[9382391]	$DSM0E,152932,+50.80624,+002.47107,282.0,41.0,21.1,0F


[9382860]	$DSM00,152933,+50.83276,+002.51209,3170.0,74.0,299.5,0F


[9382922]	$DSM01,152933,+50.80003,+002.48531,164.0,0.0,0.0,0F


[9383032]	$DSM04,152933,+50.80663,+002.47130,278.0,41.0,19.7,0F


[9383313]	$DSM0C,152933,+50.79937,+002.48724,170.0,2.0,143.4,0F


[9383375]	$DSM0E,152933,+50.80659,+002.47128,282.0,41.0,19.7,0F


[9383860]	$DSM00,152934,+50.83308,+002.51117,3170.0,74.0,298.1,0F


[9383938]	$DSM01,152934,+50.80003,+002.48531,164.0,0.0,0.0,0F


[9384032]	$DSM04,152934,+50.80697,+002.47149,278.0,41.0,19.7,0F


[9384313]	$DSM0C,152934,+50.79936,+002.48727,172.0,2.0,135.0,4B


[9384375]	$DSM0E,152934,+50.80693,+002.47147,280.0,41.0,19.7,0F


[9384860]	$DSM00,152935,+50.83336,+002.51023,3170.0,74.0,295.3,0F


[9384922]	$DSM01,152935,+50.80003,+002.48531,164.0,0.0,0.0,0F


[9385032]	$DSM04,152935,+50.80732,+002.47171,276.0,41.0,19.7,0F


[9385313]	$DSM0C,152935,+50.79934,+002.48729,172.0,2.0,130.8,0F


[9385375]	$DSM0E,152935,+50.80728,+002.47169,280.0,41.0,19.7,0F


[9385860]	$DSM00,152936,+50.83365,+002.50926,3170.0,74.0,293.9,0F


[9385938]	$DSM01,152936,+50.80003,+002.48531,164.0,0.0,0.0,0F


[9386032]	$DSM04,152936,+50.80766,+002.47190,276.0,41.0,21.1,0F


[9386313]	$DSM0C,152936,+50.79932,+002.48731,172.0,2.0,130.8,0F


[9386375]	$DSM0E,152936,+50.80763,+002.47188,282.0,41.0,21.1,0F


[9386860]	$DSM00,152937,+50.83391,+002.50827,3170.0,74.0,292.5,0F


[9386922]	$DSM01,152937,+50.80003,+002.48531,164.0,0.0,0.0,0F


[9387032]	$DSM04,152937,+50.80801,+002.47212,278.0,41.0,21.1,0F


[9387313]	$DSM0C,152937,+50.79930,+002.48733,172.0,2.0,136.4,0F


[9387391]	$DSM0E,152937,+50.80798,+002.47210,282.0,41.0,21.1,0F


[9387875]	$DSM00,152938,+50.83415,+002.50729,3170.0,74.0,289.7,0F


[9387938]	$DSM01,152938,+50.80003,+002.48531,164.0,0.0,0.0,0F


[9388032]	$DSM04,152938,+50.80836,+002.47233,278.0,42.0,22.5,0F


[9388313]	$DSM0C,152938,+50.79928,+002.48735,174.0,3.0,140.6,0F


[9388375]	$DSM0E,152938,+50.80832,+002.47231,284.0,42.0,21.1,0F


[9388860]	$DSM00,152939,+50.83437,+002.50630,3170.0,74.0,288.3,0F


[9388922]	$DSM01,152939,+50.80003,+002.48531,164.0,0.0,0.0,0F


[9389032]	$DSM04,152939,+50.80870,+002.47257,278.0,42.0,22.5,0F


[9389313]	$DSM0C,152939,+50.79927,+002.48737,174.0,2.0,137.8,0F


[9389391]	$DSM0E,152939,+50.80868,+002.47255,284.0,42.0,22.5,0F


[9389875]	$DSM00,152940,+50.83456,+002.50529,3170.0,74.0,286.9,0F


[9389938]	$DSM01,152940,+50.80003,+002.48531,164.0,0.0,0.0,0F


[9390047]	$DSM04,152940,+50.80904,+002.47280,280.0,42.0,23.9,0F


[9390329]	$DSM0C,152940,+50.79924,+002.48739,174.0,2.0,147.7,0F


[9390391]	$DSM0E,152940,+50.80902,+002.47278,286.0,42.0,23.9,0F


[9390875]	$DSM00,152941,+50.83475,+002.50428,3172.0,74.0,285.5,0F


[9390938]	$DSM01,152941,+50.80003,+002.48531,164.0,0.0,0.0,0F


[9391047]	$DSM04,152941,+50.80939,+002.47308,280.0,42.0,25.3,0F


[9391313]	$DSM0C,152941,+50.79924,+002.48742,174.0,1.0,143.4,0F


[9391407]	$DSM0E,152941,+50.80936,+002.47304,286.0,42.0,25.3,0F


[9391875]	$DSM00,152942,+50.83491,+002.50325,3172.0,74.0,282.7,0F


[9391938]	$DSM01,152942,+50.80003,+002.48531,164.0,0.0,0.0,0F


[9392032]	$DSM04,152942,+50.80974,+002.47334,282.0,43.0,26.7,0F


[9392329]	$DSM0C,152942,+50.79923,+002.48742,174.0,2.0,135.0,0F


[9392391]	$DSM0E,152942,+50.80971,+002.47332,288.0,43.0,26.7,0F


[9392875]	$DSM00,152943,+50.83505,+002.50222,3172.0,73.0,281.2,0F


[9392938]	$DSM01,152943,+50.80003,+002.48531,164.0,0.0,0.0,0F


[9393047]	$DSM04,152943,+50.81009,+002.47362,284.0,44.0,26.7,0F


[9393313]	$DSM0C,152943,+50.79921,+002.48744,176.0,1.0,139.2,0F


[9393391]	$DSM0E,152943,+50.81006,+002.47360,290.0,44.0,26.7,0F


[9393875]	$DSM00,152944,+50.83516,+002.50119,3174.0,73.0,279.8,0F


[9393938]	$DSM01,152944,+50.80003,+002.48531,164.0,0.0,0.0,0F


[9394032]	$DSM04,152944,+50.81044,+002.47392,284.0,44.0,28.1,0F


[9394329]	$DSM0C,152944,+50.79920,+002.48744,176.0,1.0,154.7,0F


[9394391]	$DSM0E,152944,+50.81041,+002.47390,290.0,44.0,28.1,0F


[9394875]	$DSM00,152945,+50.83528,+002.50016,3176.0,73.0,278.4,0F


[9394954]	$DSM01,152945,+50.80003,+002.48531,164.0,0.0,0.0,0F


[9395047]	$DSM04,152945,+50.81079,+002.47424,284.0,45.0,29.5,0F


[9395313]	$DSM0C,152945,+50.79918,+002.48744,176.0,0.0,0.0,0F


[9395391]	$DSM0E,152945,+50.81076,+002.47420,290.0,45.0,30.9,0F


[9395875]	$DSM00,152946,+50.83536,+002.49913,3176.0,73.0,277.0,0F


[9395938]	$DSM01,152946,+50.80003,+002.48531,164.0,0.0,0.0,0F


[9396047]	$DSM04,152946,+50.81113,+002.47458,284.0,46.0,32.3,0F


[9396329]	$DSM0C,152946,+50.79916,+002.48746,176.0,2.0,164.5,0F


[9396391]	$DSM0E,152946,+50.81110,+002.47454,290.0,46.0,32.3,0F


[9396875]	$DSM00,152947,+50.83544,+002.49810,3178.0,73.0,275.6,0F


[9396954]	$DSM01,152947,+50.80003,+002.48531,164.0,0.0,0.0,0F


[9397047]	$DSM04,152947,+50.81148,+002.47495,284.0,46.0,33.7,0F


[9397329]	$DSM0C,152947,+50.79913,+002.48746,178.0,2.0,167.3,0F


[9397391]	$DSM0E,152947,+50.81144,+002.47491,288.0,46.0,33.7,0F


[9397875]	$DSM00,152948,+50.83549,+002.49707,3180.0,73.0,274.2,0F


[9397938]	$DSM01,152948,+50.80003,+002.48531,164.0,0.0,0.0,0F


[9398047]	$DSM04,152948,+50.81182,+002.47534,284.0,47.0,36.6,0F


[9398329]	$DSM0C,152948,+50.79910,+002.48748,178.0,2.0,157.5,0F


[9398407]	$DSM0E,152948,+50.81179,+002.47529,288.0,47.0,36.6,0F


[9398860]	$DSM00,152949,+50.83553,+002.49604,3180.0,72.0,272.8,0F


[9398938]	$DSM01,152949,+50.80003,+002.48531,164.0,0.0,0.0,0F


[9399032]	$DSM04,152949,+50.81216,+002.47576,282.0,47.0,38.0,0F


[9399329]	$DSM0C,152949,+50.79910,+002.48750,178.0,2.0,132.2,0F


[9399391]	$DSM0E,152949,+50.81213,+002.47570,286.0,47.0,38.0,0F


[9399875]	$DSM00,152950,+50.83556,+002.49501,3182.0,72.0,271.4,0F


[9399938]	$DSM01,152950,+50.80003,+002.48531,164.0,0.0,0.0,0F


[9400047]	$DSM04,152950,+50.81248,+002.47619,282.0,48.0,39.4,0F


[9400313]	$DSM0C,152950,+50.79910,+002.48752,176.0,2.0,129.4,0F


[9400391]	$DSM0E,152950,+50.81247,+002.47613,286.0,48.0,39.4,0F


[9400875]	$DSM00,152951,+50.83556,+002.49398,3184.0,72.0,270.0,0F


[9400938]	$DSM01,152951,+50.80003,+002.48531,164.0,0.0,0.0,0F


[9401032]	$DSM04,152951,+50.81282,+002.47664,280.0,49.0,42.2,0F


[9401329]	$DSM0C,152951,+50.79908,+002.48755,176.0,1.0,125.2,0F


[9401391]	$DSM0E,152951,+50.81279,+002.47660,284.0,49.0,42.2,0F


[9401875]	$DSM00,152952,+50.83553,+002.49295,3184.0,72.0,268.6,0F


[9401938]	$DSM01,152952,+50.80003,+002.48531,164.0,0.0,0.0,0F


[9402047]	$DSM04,152952,+50.81314,+002.47712,278.0,49.0,43.6,0F


[9402313]	$DSM0C,152952,+50.79908,+002.48757,176.0,1.0,139.2,0F


[9402391]	$DSM0E,152952,+50.81311,+002.47707,282.0,49.0,43.6,0F


[9402875]	$DSM00,152953,+50.83551,+002.49192,3186.0,72.0,265.8,0F


[9402938]	$DSM01,152953,+50.80003,+002.48531,164.0,0.0,0.0,0F


[9403032]	$DSM04,152953,+50.81345,+002.47763,276.0,50.0,46.4,0F


[9403329]	$DSM0C,152953,+50.79908,+002.48759,176.0,2.0,132.2,0F


[9403391]	$DSM0E,152953,+50.81343,+002.47759,280.0,50.0,46.4,0F


[9403875]	$DSM00,152954,+50.83546,+002.49089,3186.0,72.0,264.4,0F


[9403938]	$DSM01,152954,+50.80003,+002.48531,164.0,0.0,0.0,0F


[9404047]	$DSM04,152954,+50.81374,+002.47817,274.0,50.0,50.6,0F


[9404313]	$DSM0C,152954,+50.79907,+002.48761,174.0,2.0,125.2,0F


[9404391]	$DSM0E,152954,+50.81372,+002.47810,280.0,50.0,50.6,0F


[9404875]	$DSM00,152955,+50.83537,+002.48988,3186.0,72.0,263.0,0F


[9404938]	$DSM01,152955,+50.80003,+002.48531,164.0,0.0,0.0,0F


[9405032]	$DSM04,152955,+50.81402,+002.47873,276.0,50.0,53.4,0F


[9405329]	$DSM0C,152955,+50.79907,+002.48763,174.0,2.0,142.0,0F


[9405391]	$DSM0E,152955,+50.81400,+002.47868,280.0,50.0,53.4,0F


[9405860]	$DSM00,152956,+50.83528,+002.48888,3186.0,72.0,260.2,0F


[9405954]	$DSM01,152956,+50.80003,+002.48531,164.0,0.0,0.0,0F


[9406047]	$DSM04,152956,+50.81427,+002.47931,276.0,50.0,56.2,0F


[9406313]	$DSM0C,152956,+50.79904,+002.48763,174.0,2.0,156.1,0F


[9406391]	$DSM0E,152956,+50.81424,+002.47926,278.0,50.0,56.2,0F


[9406875]	$DSM00,152957,+50.83516,+002.48785,3186.0,72.0,258.7,0F


[9406938]	$DSM01,152957,+50.80003,+002.48531,164.0,0.0,0.0,0F


[9407032]	$DSM04,152957,+50.81452,+002.47993,274.0,50.0,59.1,0F


[9407313]	$DSM0C,152957,+50.79904,+002.48765,174.0,1.0,132.2,0F


[9407391]	$DSM0E,152957,+50.81448,+002.47986,278.0,50.0,59.1,0F


[9407860]	$DSM00,152958,+50.83503,+002.48686,3186.0,72.0,257.3,0F


[9407938]	$DSM01,152958,+50.80003,+002.48531,164.0,0.0,0.0,0F


[9408047]	$DSM04,152958,+50.81472,+002.48053,274.0,49.0,61.9,0F


[9408329]	$DSM0C,152958,+50.79902,+002.48765,174.0,1.0,105.5,0F


[9408391]	$DSM0E,152958,+50.81470,+002.48049,278.0,49.0,61.9,0F


[9408875]	$DSM00,152959,+50.83487,+002.48585,3184.0,72.0,255.9,0F


[9408938]	$DSM01,152959,+50.80003,+002.48531,164.0,0.0,0.0,0F


[9409047]	$DSM04,152959,+50.81491,+002.48115,274.0,48.0,64.7,0F


[9409313]	$DSM0C,152959,+50.79901,+002.48767,174.0,0.0,0.0,0F


[9409407]	$DSM0E,152959,+50.81489,+002.48111,276.0,48.0,64.7,0F


[9409860]	$DSM00,153000,+50.83469,+002.48486,3184.0,72.0,253.1,0F


[9409938]	$DSM01,153000,+50.80003,+002.48531,164.0,0.0,0.0,0F


[9410032]	$DSM04,153000,+50.81508,+002.48177,274.0,47.0,67.5,0F


[9410329]	$DSM0C,153000,+50.79901,+002.48767,174.0,0.0,0.0,0F


[9410391]	$DSM0E,153000,+50.81506,+002.48173,278.0,47.0,67.5,0F


[9410875]	$DSM00,153001,+50.83450,+002.48388,3184.0,72.0,251.7,0F


[9410938]	$DSM01,153001,+50.80003,+002.48531,164.0,0.0,0.0,0F


[9411047]	$DSM04,153001,+50.81524,+002.48240,274.0,46.0,68.9,0F


[9411313]	$DSM0C,153001,+50.79901,+002.48767,174.0,0.0,0.0,0F


[9411391]	$DSM0E,153001,+50.81522,+002.48235,278.0,46.0,68.9,0F


[9411875]	$DSM00,153002,+50.83428,+002.48291,3184.0,72.0,250.3,0F


[9411938]	$DSM01,153002,+50.80003,+002.48531,164.0,0.0,0.0,0F


[9412032]	$DSM04,153002,+50.81537,+002.48302,274.0,46.0,71.7,0F


[9412329]	$DSM0C,153002,+50.79901,+002.48767,174.0,0.0,0.0,0F


[9412391]	$DSM0E,153002,+50.81535,+002.48297,278.0,46.0,71.7,0F


[9412860]	$DSM00,153003,+50.83405,+002.48194,3182.0,72.0,248.9,0F


[9412938]	$DSM01,153003,+50.80003,+002.48531,164.0,0.0,0.0,0F


[9413047]	$DSM04,153003,+50.81549,+002.48366,274.0,46.0,74.5,0F


[9413313]	$DSM0C,153003,+50.79901,+002.48767,174.0,0.0,0.0,0F


[9413391]	$DSM0E,153003,+50.81547,+002.48360,278.0,46.0,74.5,0F


[9413875]	$DSM00,153004,+50.83380,+002.48098,3182.0,72.0,247.5,0F


[9413938]	$DSM01,153004,+50.80003,+002.48531,164.0,0.0,0.0,0F


[9414032]	$DSM04,153004,+50.81558,+002.48428,274.0,46.0,77.3,0F


[9414329]	$DSM0C,153004,+50.79901,+002.48767,174.0,0.0,0.0,0F


[9414391]	$DSM0E,153004,+50.81556,+002.48422,276.0,46.0,78.7,0F


[9414860]	$DSM00,153005,+50.83354,+002.48003,3182.0,72.0,244.7,0F


[9414922]	$DSM01,153005,+50.80003,+002.48531,164.0,0.0,0.0,0F


[9415047]	$DSM04,153005,+50.81565,+002.48493,272.0,45.0,80.2,0F


[9415313]	$DSM0C,153005,+50.79898,+002.48774,176.0,2.0,132.2,0F


[9415391]	$DSM0E,153005,+50.81564,+002.48486,276.0,46.0,81.6,0F


[9415875]	$DSM00,153006,+50.83326,+002.47911,3184.0,72.0,243.3,0F


[9415938]	$DSM01,153006,+50.80003,+002.48531,164.0,0.0,0.0,0F


[9416032]	$DSM04,153006,+50.81569,+002.48557,270.0,46.0,84.4,0F


[9416313]	$DSM0C,153006,+50.79896,+002.48776,176.0,3.0,132.2,0F


[9416391]	$DSM0E,153006,+50.81568,+002.48551,274.0,46.0,84.4,0F


[9416860]	$DSM00,153007,+50.83295,+002.47819,3184.0,72.0,241.9,0F


[9416922]	$DSM01,153007,+50.80003,+002.48531,164.0,0.0,0.0,0F


[9417047]	$DSM04,153007,+50.81572,+002.48621,268.0,46.0,85.8,0F


[9417313]	$DSM0C,153007,+50.79893,+002.48780,176.0,3.0,132.2,0F


[9417391]	$DSM0E,153007,+50.81572,+002.48617,272.0,46.0,87.2,0F


[9417875]	$DSM00,153008,+50.83264,+002.47729,3184.0,72.0,240.5,0F


[9417938]	$DSM01,153008,+50.80003,+002.48531,164.0,0.0,0.0,0F


[9418032]	$DSM04,153008,+50.81572,+002.48688,266.0,45.0,88.6,0F


[9418313]	$DSM0C,153008,+50.79892,+002.48785,176.0,3.0,130.8,0F


[9418375]	$DSM0E,153008,+50.81572,+002.48682,270.0,45.0,88.6,0F


[9418860]	$DSM00,153009,+50.83230,+002.47641,3184.0,72.0,239.1,0F


[9418938]	$DSM01,153009,+50.80003,+002.48531,164.0,0.0,0.0,0F


[9419032]	$DSM04,153009,+50.81572,+002.48752,266.0,45.0,90.0,0F


[9419329]	$DSM0C,153009,+50.79890,+002.48787,176.0,3.0,139.2,0F


[9419391]	$DSM0E,153009,+50.81572,+002.48746,268.0,45.0,90.0,0F


[9419875]	$DSM00,153010,+50.83196,+002.47553,3186.0,72.0,237.7,0F


[9419938]	$DSM01,153010,+50.80003,+002.48531,164.0,0.0,0.0,0F


[9420047]	$DSM04,153010,+50.81571,+002.48815,264.0,44.0,91.4,0F


[9420313]	$DSM0C,153010,+50.79888,+002.48789,176.0,2.0,144.8,0F


[9420375]	$DSM0E,153010,+50.81572,+002.48808,268.0,44.0,91.4,0F


[9420860]	$DSM00,153011,+50.83160,+002.47467,3186.0,72.0,236.2,0F


[9420938]	$DSM01,153011,+50.80003,+002.48531,164.0,0.0,0.0,0F


[9421032]	$DSM04,153011,+50.81568,+002.48877,264.0,44.0,92.8,0F


[9421329]	$DSM0C,153011,+50.79887,+002.48791,176.0,2.0,147.7,0F


[9421391]	$DSM0E,153011,+50.81569,+002.48873,268.0,44.0,92.8,0F


[9421860]	$DSM00,153012,+50.83123,+002.47383,3188.0,72.0,234.8,0F


[9421938]	$DSM01,153012,+50.80003,+002.48531,164.0,0.0,0.0,0F


[9422047]	$DSM04,153012,+50.81565,+002.48939,262.0,44.0,95.6,0F


[9422313]	$DSM0C,153012,+50.79885,+002.48793,178.0,2.0,153.3,0F


[9422391]	$DSM0E,153012,+50.81565,+002.48935,266.0,44.0,95.6,0F


[9422875]	$DSM00,153013,+50.83084,+002.47300,3190.0,72.0,233.4,0F


[9422938]	$DSM01,153013,+50.80003,+002.48531,164.0,0.0,0.0,0F


[9423032]	$DSM04,153013,+50.81561,+002.49001,262.0,43.0,95.6,0F


[9423329]	$DSM0C,153013,+50.79883,+002.48793,178.0,2.0,147.7,0F


[9423391]	$DSM0E,153013,+50.81562,+002.48995,266.0,43.0,97.0,0F


[9423860]	$DSM00,153014,+50.83044,+002.47220,3192.0,71.0,232.0,0F


[9423922]	$DSM01,153014,+50.80003,+002.48531,164.0,0.0,0.0,0F


[9424047]	$DSM04,153014,+50.81556,+002.49061,262.0,43.0,97.0,0F


[9424313]	$DSM0C,153014,+50.79882,+002.48795,180.0,1.0,150.5,0F


[9424391]	$DSM0E,153014,+50.81556,+002.49057,266.0,43.0,97.0,0F


[9424875]	$DSM00,153015,+50.83004,+002.47141,3194.0,71.0,230.6,0F


[9424938]	$DSM01,153015,+50.80003,+002.48531,164.0,0.0,0.0,0F


[9425032]	$DSM04,153015,+50.81549,+002.49124,262.0,43.0,98.4,0F


[9425313]	$DSM0C,153015,+50.79880,+002.48797,180.0,2.0,137.8,0F


[9425375]	$DSM0E,153015,+50.81550,+002.49117,264.0,43.0,98.4,0F


[9425860]	$DSM00,153016,+50.82963,+002.47064,3194.0,71.0,229.2,0F


[9425922]	$DSM01,153016,+50.80003,+002.48531,164.0,0.0,0.0,0F


[9426032]	$DSM04,153016,+50.81543,+002.49184,260.0,43.0,99.8,0F


[9426313]	$DSM0C,153016,+50.79879,+002.48797,182.0,3.0,139.2,0F


[9426391]	$DSM0E,153016,+50.81544,+002.49179,264.0,43.0,99.8,0F


[9426875]	$DSM00,153017,+50.82920,+002.46986,3196.0,71.0,227.8,0F


[9426938]	$DSM01,153017,+50.80003,+002.48531,164.0,0.0,0.0,0F


[9427032]	$DSM04,153017,+50.81535,+002.49244,260.0,43.0,99.8,0F


[9427313]	$DSM0C,153017,+50.79876,+002.48802,182.0,4.0,146.2,0F


[9427375]	$DSM0E,153017,+50.81536,+002.49239,264.0,43.0,99.8,0F


[9427860]	$DSM00,153018,+50.82876,+002.46913,3198.0,71.0,226.4,0F


[9427922]	$DSM01,153018,+50.80003,+002.48531,164.0,0.0,0.0,0F


[9428032]	$DSM04,153018,+50.81528,+002.49304,260.0,43.0,99.8,0F


[9428313]	$DSM0C,153018,+50.79872,+002.48804,182.0,4.0,143.4,0F


[9428391]	$DSM0E,153018,+50.81528,+002.49300,262.0,43.0,99.8,0F


[9428875]	$DSM00,153019,+50.82832,+002.46840,3200.0,71.0,225.0,0F


[9428938]	$DSM01,153019,+50.80003,+002.48531,164.0,0.0,0.0,0F


[9429032]	$DSM04,153019,+50.81521,+002.49364,260.0,43.0,99.8,0F


[9429313]	$DSM0C,153019,+50.79869,+002.48808,184.0,4.0,140.6,0F


[9429375]	$DSM0E,153019,+50.81522,+002.49360,262.0,42.0,99.8,0F


[9429860]	$DSM00,153020,+50.82786,+002.46770,3202.0,71.0,223.6,0F


[9429938]	$DSM01,153020,+50.80003,+002.48531,164.0,0.0,0.0,0F


[9430032]	$DSM04,153020,+50.81514,+002.49424,260.0,42.0,101.2,0F


[9430329]	$DSM0C,153020,+50.79866,+002.48812,186.0,4.0,140.6,0F


[9430391]	$DSM0E,153020,+50.81515,+002.49418,262.0,42.0,99.8,0F


[9430875]	$DSM00,153021,+50.82740,+002.46701,3202.0,71.0,222.2,0F


[9430938]	$DSM01,153021,+50.80003,+002.48531,164.0,0.0,0.0,0F


[9431047]	$DSM04,153021,-00.00014,+002.49482,260.0,42.0,101.2,0B


[9431313]	$DSM0C,153021,+50.79864,+002.48817,184.0,4.0,135.0,0F


[9431375]	$DSM0E,153021,+50.81508,+002.49478,262.0,42.0,101.2,0F


[9431860]	$DSM00,153022,+50.82692,+002.46632,3204.0,71.0,222.2,0F


[9431938]	$DSM01,153022,+50.80003,+002.48531,164.0,0.0,0.0,0F


[9432032]	$DSM04,153022,+50.81499,+002.49540,258.0,42.0,101.2,0F


[9432313]	$DSM0C,153022,+50.79863,+002.48821,182.0,5.0,133.6,0F


[9432391]	$DSM0E,153022,+50.81500,+002.49536,262.0,42.0,101.2,0F


[9432860]	$DSM00,153023,+50.82644,+002.46566,3204.0,71.0,220.8,0F


[9432922]	$DSM01,153023,+50.80003,+002.48531,164.0,0.0,0.0,0F


[9433047]	$DSM04,153023,+50.81491,+002.49598,258.0,42.0,102.7,0F


[9433313]	$DSM0C,153023,+50.79861,+002.48827,180.0,6.0,143.4,0F


[9433391]	$DSM0E,153023,+50.81491,+002.49593,260.0,42.0,102.7,0F


[9433875]	$DSM00,153024,+50.82595,+002.46501,3204.0,71.0,219.4,0F


[9433938]	$DSM01,153024,+50.80003,+002.48531,164.0,0.0,0.0,0F


[9434032]	$DSM04,153024,+50.81481,+002.49656,258.0,42.0,104.1,0F


[9434313]	$DSM0C,153024,+50.79858,+002.48834,180.0,6.0,142.0,0F


[9434375]	$DSM0E,153024,+50.81483,+002.49651,260.0,42.0,104.1,0F


[9434860]	$DSM00,153025,+50.82544,+002.46439,3206.0,71.0,218.0,0F


[9434922]	$DSM01,153025,+50.80003,+002.48531,164.0,0.0,0.0,0F


[9435032]	$DSM04,153025,+50.81472,+002.49714,258.0,42.0,105.5,0F


[9435313]	$DSM0C,153025,+50.79854,+002.48840,180.0,6.0,143.4,0F


[9435391]	$DSM0E,153025,+50.81472,+002.49709,260.0,42.0,105.5,0F


[9435875]	$DSM00,153026,+50.82494,+002.46379,3206.0,71.0,216.6,0F


[9435938]	$DSM01,153026,+50.80003,+002.48531,164.0,0.0,0.0,0F


[9436032]	$DSM04,153026,+50.81460,+002.49772,258.0,42.0,106.9,0F


[9436313]	$DSM0C,153026,+50.79848,+002.48847,180.0,6.0,142.0,0F


[9436375]	$DSM0E,153026,+50.81461,+002.49767,260.0,42.0,106.9,0F


[9436860]	$DSM00,153027,+50.82442,+002.46319,3206.0,71.0,215.2,0F


[9436922]	$DSM01,153027,+50.80003,+002.48531,164.0,0.0,0.0,0F


[9437032]	$DSM04,153027,+50.81448,+002.49827,258.0,42.0,108.3,0F


[9437313]	$DSM0C,153027,+50.79843,+002.48853,180.0,8.0,142.0,0F


[9437391]	$DSM0E,153027,+50.81448,+002.49823,260.0,42.0,108.3,0F


[9437875]	$DSM00,153028,+50.82390,+002.46261,3206.0,71.0,215.2,0F


[9437938]	$DSM01,153028,+50.80003,+002.48531,164.0,0.0,0.0,0F


[9438032]	$DSM04,153028,+50.81436,+002.49883,258.0,42.0,109.7,0F


[9438313]	$DSM0C,153028,+50.79838,+002.48862,180.0,9.0,139.2,0F


[9438375]	$DSM0E,153028,+50.81436,+002.49879,262.0,42.0,109.7,0F


[9438860]	$DSM00,153029,+50.82336,+002.46205,3206.0,71.0,213.7,0F


[9438922]	$DSM01,153029,+50.80003,+002.48531,164.0,0.0,0.0,0F


[9439032]	$DSM04,153029,+50.81423,+002.49939,258.0,42.0,111.1,0F


[9439313]	$DSM0C,153029,+50.79832,+002.48870,180.0,9.0,135.0,0F


[9439391]	$DSM0E,153029,+50.81423,+002.49935,262.0,42.0,111.1,0F


[9439860]	$DSM00,153030,+50.82283,+002.46150,3206.0,71.0,212.3,0F


[9439922]	$DSM01,153030,+50.80003,+002.48531,164.0,0.0,0.0,0F


[9440032]	$DSM04,153030,+50.81406,+002.49995,258.0,42.0,112.5,0F


[9440313]	$DSM0C,153030,+50.79827,+002.48881,180.0,9.0,132.2,0F


[9440375]	$DSM0E,153030,+50.81408,+002.49990,262.0,42.0,112.5,0F


[9440860]	$DSM00,153031,+50.82228,+002.46098,3204.0,71.0,210.9,0F


[9440938]	$DSM01,153031,+50.80003,+002.48531,164.0,0.0,0.0,0F


[9441032]	$DSM04,153031,+50.81390,+002.50048,256.0,42.0,113.9,0F


[9441297]	$DSM0C,153031,+50.79824,+002.48890,180.0,8.0,128.0,0F


[9441391]	$DSM0E,153031,+50.81392,+002.50046,262.0,43.0,113.9,0F


[9441860]	$DSM00,153032,+50.82172,+002.46047,3204.0,71.0,209.5,0F


[9441922]	$DSM01,153032,+50.80003,+002.48531,164.0,0.0,0.0,0F


[9442047]	$DSM04,153032,+50.81374,+002.50104,256.0,43.0,116.7,0F


[9442313]	$DSM0C,153032,+50.79820,+002.48900,178.0,8.0,129.4,0F


[9442375]	$DSM0E,153032,+50.81374,+002.50102,260.0,43.0,116.7,0F


[9442860]	$DSM00,153033,+50.82116,+002.45997,3204.0,71.0,208.1,0F


[9442938]	$DSM01,153033,+50.80003,+002.48531,164.0,0.0,0.0,0F


[9443032]	$DSM04,153033,+50.81356,+002.50158,254.0,43.0,118.1,0F


[9443313]	$DSM0C,153033,+50.79816,+002.48909,178.0,7.0,132.2,0F


[9443375]	$DSM0E,153033,+50.81356,+002.50156,260.0,43.0,116.7,0F


[9443860]	$DSM00,153034,+50.82060,+002.45950,3204.0,71.0,206.7,0F


[9443922]	$DSM01,153034,+50.80003,+002.48531,164.0,0.0,0.0,0F


[9444032]	$DSM04,153034,+50.81336,+002.50211,254.0,43.0,118.1,0F


[9444313]	$DSM0C,153034,+50.79811,+002.48918,178.0,7.0,132.2,0F


[9444391]	$DSM0E,153034,+50.81338,+002.50211,260.0,43.0,118.1,0F


[9444875]	$DSM00,153035,+50.82002,+002.45903,3204.0,71.0,206.7,0F


[9444938]	$DSM01,153035,+50.80003,+002.48531,164.0,0.0,0.0,0F


[9445032]	$DSM04,153035,+50.81317,+002.50267,252.0,44.0,119.5,0F


[9445313]	$DSM0C,153035,+50.79808,+002.48926,178.0,7.0,126.6,0F


[9445375]	$DSM0E,153035,+50.81318,+002.50265,258.0,44.0,119.5,0F


[9445860]	$DSM00,153036,+50.81944,+002.45860,3202.0,71.0,205.3,0F


[9445922]	$DSM01,153036,+50.80003,+002.48531,164.0,0.0,0.0,0F


[9446032]	$DSM04,153036,+50.81297,+002.50321,250.0,44.0,120.9,0F


[9446313]	$DSM0C,153036,+50.79806,+002.48935,178.0,6.0,126.6,0F


[9446391]	$DSM0E,153036,+50.81298,+002.50319,256.0,45.0,120.9,0F


[9446860]	$DSM00,153037,+50.81885,+002.45817,3202.0,72.0,203.9,0F


[9446938]	$DSM01,153037,+50.80003,+002.48531,164.0,0.0,0.0,0F


[9447032]	$DSM04,153037,+50.81274,+002.50375,250.0,45.0,122.3,0F


[9447313]	$DSM0C,153037,+50.79804,+002.48941,176.0,5.0,126.6,0F


[9447375]	$DSM0E,153037,+50.81276,+002.50375,254.0,46.0,123.7,0F


[9447860]	$DSM00,153038,+50.81826,+002.45778,3202.0,72.0,202.5,0F


[9447922]	$DSM01,153038,+50.80004,+002.48531,164.0,0.0,0.0,0F


[9448032]	$DSM04,153038,+50.81251,+002.50428,246.0,47.0,126.6,0F


[9448313]	$DSM0C,153038,+50.79804,+002.48948,174.0,5.0,126.6,0F


[9448391]	$DSM0E,153038,+50.81252,+002.50428,250.0,47.0,126.6,0F


[9448860]	$DSM00,153039,+50.81766,+002.45740,3202.0,72.0,201.1,0F


[9448922]	$DSM01,153039,+50.80004,+002.48531,164.0,0.0,0.0,0F


[9449032]	$DSM04,153039,+50.81224,+002.50482,244.0,48.0,130.8,0F


[9449313]	$DSM0C,153039,+50.79802,+002.48954,172.0,5.0,119.5,0F


[9449375]	$DSM0E,153039,+50.81225,+002.50480,246.0,48.0,130.8,0F


[9449860]	$DSM00,153040,+50.81704,+002.45703,3202.0,72.0,199.7,0F


[9449922]	$DSM01,153040,+50.80004,+002.48531,164.0,0.0,0.0,0F


[9450032]	$DSM01,153041,-61.68807,+002.50533,242.0,50.0,133.6,0B


[9450297]	$DSM0C,153040,+50.79802,+002.48963,170.0,6.0,105.5,0F


[9450860]	$DSM00,153041,+50.81644,+002.45669,3202.0,72.0,198.3,0F


[9450922]	$DSM01,153041,+50.80004,+002.48531,164.0,0.0,0.0,0F


[9451032]	$DSM04,153041,+50.81160,+002.50585,240.0,52.0,136.4,0F


[9451313]	$DSM0C,153041,+50.79804,+002.48971,170.0,8.0,92.8,0F


[9451375]	$DSM0E,153041,+50.81162,+002.50583,244.0,52.0,136.4,0F


[9451860]	$DSM00,153042,+50.81581,+002.45637,3200.0,72.0,196.9,0F


[9451938]	$DSM01,153042,+50.80004,+002.48531,164.0,0.0,0.0,0F


[9452032]	$DSM04,153042,+50.81125,+002.50634,240.0,53.0,137.8,0F


[9452297]	$DSM0C,153042,+50.79806,+002.48984,170.0,7.0,88.6,0F


[9452375]	$DSM0E,153042,+50.81126,+002.50632,242.0,53.0,137.8,0F


[9452860]	$DSM00,153043,+50.81519,+002.45609,3200.0,72.0,196.9,0F


[9452922]	$DSM01,153043,+50.80004,+002.48531,164.0,0.0,0.0,0F


[9453329]	$DSM0C,153043,+50.79810,+002.48995,170.0,8.0,70.3,0F


[9453391]	$DSM0E,153043,+50.81088,+002.50684,242.0,54.0,140.6,0F


[9453875]	$DSM00,153044,+50.81456,+002.45581,3200.0,72.0,195.5,0F


[9453954]	$DSM01,153044,+50.80004,+002.48531,164.0,0.0,0.0,0F


[9454329]	$DSM0C,153044,+50.79814,+002.49003,170.0,7.0,66.1,0F


[9454391]	$DSM0E,153044,+50.81050,+002.50731,242.0,55.0,142.0,0F


[9454875]	$DSM00,153045,+50.81393,+002.45555,3200.0,72.0,194.1,0F


[9454938]	$DSM01,153045,+50.80004,+002.48531,164.0,0.0,0.0,0F


[9455047]	$DSM04,153045,+50.81008,+002.50778,240.0,55.0,143.4,0F


[9455329]	$DSM0C,153045,+50.79819,+002.49012,170.0,7.0,60.5,0F


[9455407]	$DSM0E,153045,+50.81011,+002.50778,244.0,55.0,143.4,0F


[9455875]	$DSM00,153046,+50.81329,+002.45532,3202.0,72.0,192.7,0F


[9455954]	$DSM01,153046,+50.80004,+002.48531,164.0,0.0,0.0,0F


[9456047]	$DSM04,153046,+50.63389,+002.50823,242.0,55.0,146.2,0B


[9456329]	$DSM0C,153046,+50.79822,+002.49021,170.0,8.0,61.9,0F


[9456391]	$DSM0E,153046,+50.80970,+002.50823,246.0,55.0,146.2,0F


[9456875]	$DSM00,153047,+50.81266,+002.45512,3202.0,72.0,191.2,0F


[9456938]	$DSM01,153047,+50.80004,+002.48531,164.0,0.0,0.0,0F


[9457047]	$DSM04,153047,+50.80924,+002.50866,246.0,55.0,147.7,0F


[9457329]	$DSM0C,153047,+50.79827,+002.49031,170.0,9.0,60.5,0F


[9457407]	$DSM0E,153047,+50.80927,+002.50866,248.0,56.0,147.7,0F


[9457875]	$DSM00,153048,+50.81203,+002.45493,3202.0,72.0,189.8,0F


[9457938]	$DSM01,153048,+50.80004,+002.48531,164.0,0.0,0.0,0F


[9458047]	$DSM04,153048,+50.80880,+002.50907,248.0,56.0,149.1,0F


[9458329]	$DSM0C,153048,+50.79832,+002.49044,168.0,9.0,60.5,0F


[9458391]	$DSM0E,153048,+50.80884,+002.50907,252.0,56.0,149.1,0F


[9458875]	$DSM00,153049,+50.81137,+002.45478,3202.0,72.0,188.4,0F


[9458938]	$DSM01,153049,+50.80004,+002.48531,164.0,0.0,0.0,0F


[9459047]	$DSM04,153049,+50.80838,+002.50947,252.0,56.0,150.5,0F


[9459313]	$DSM0C,153049,+50.79836,+002.49055,168.0,9.0,56.2,0F


[9459407]	$DSM0E,153049,+50.80840,+002.50947,256.0,56.0,150.5,0F


[9459875]	$DSM00,153050,+50.81072,+002.45463,3202.0,72.0,187.0,0F


[9459938]	$DSM01,153050,+50.80004,+002.48531,164.0,0.0,0.0,0F


[9460047]	$DSM04,153050,+50.80794,+002.50986,254.0,56.0,150.5,0F


[9460329]	$DSM0C,153050,+50.79841,+002.49066,166.0,9.0,49.2,0F


[9460391]	$DSM0E,153050,+50.80796,+002.50986,258.0,56.0,150.5,0F


[9460875]	$DSM00,153051,+50.81008,+002.45452,3204.0,72.0,185.6,0F


[9460938]	$DSM01,153051,+50.80004,+002.48531,164.0,0.0,0.0,0F


[9461047]	$DSM04,153051,+50.80748,+002.51025,258.0,56.0,151.9,0F


[9461313]	$DSM0C,153051,+50.79848,+002.49074,166.0,8.0,35.2,0F


[9461391]	$DSM0E,153051,+50.80751,+002.51025,262.0,56.0,151.9,0F


[9461875]	$DSM00,153052,+50.80943,+002.45444,3204.0,72.0,184.2,0F


[9461938]	$DSM01,153052,+50.80004,+002.48531,164.0,0.0,0.0,0F


[9462032]	$DSM04,153052,+50.80704,+002.51061,260.0,56.0,151.9,0F


[9462329]	$DSM0C,153052,+50.79854,+002.49079,164.0,8.0,23.9,0F


[9462391]	$DSM0E,153052,+50.80706,+002.51061,264.0,56.0,153.3,0F


[9462875]	$DSM00,153053,+50.80879,+002.45437,3206.0,72.0,182.8,0F


[9462938]	$DSM01,153053,+50.80004,+002.48531,164.0,0.0,0.0,0F


[9463047]	$DSM04,153053,+50.80659,+002.51098,262.0,57.0,153.3,0F


[9463313]	$DSM0C,153053,+50.79860,+002.49083,164.0,8.0,19.7,0F


[9463391]	$DSM0E,153053,+50.80660,+002.51098,266.0,57.0,153.3,0F


[9463875]	$DSM00,153054,+50.80813,+002.45435,3206.0,72.0,181.4,0F


[9463938]	$DSM01,153054,+50.80004,+002.48531,164.0,0.0,0.0,0F


[9464032]	$DSM04,153054,+50.80612,+002.51134,264.0,57.0,153.3,0F


[9464329]	$DSM0C,153054,+50.79867,+002.49087,162.0,9.0,16.9,0F


[9464391]	$DSM0E,153054,+50.80613,+002.51134,268.0,57.0,153.3,0F


[9464860]	$DSM00,153055,+50.80748,+002.45435,3206.0,72.0,178.6,0F


[9464954]	$DSM01,153055,+50.80004,+002.48531,164.0,0.0,0.0,0F


[9465047]	$DSM04,153055,+50.80566,+002.51168,266.0,57.0,153.3,0F


[9465329]	$DSM0C,153055,+50.79874,+002.49091,162.0,9.0,15.5,0F


[9465391]	$DSM0E,153055,+50.80566,+002.51171,270.0,58.0,153.3,0F


[9465875]	$DSM00,153056,+50.80682,+002.45439,3206.0,72.0,177.2,0F


[9465938]	$DSM01,153056,+50.80004,+002.48531,164.0,0.0,0.0,0F


[9466047]	$DSM04,153056,+50.80519,+002.51207,268.0,58.0,153.3,0F


[9466329]	$DSM0C,153056,+50.79882,+002.49096,162.0,9.0,14.1,0F


[9466391]	$DSM0E,153056,+50.80520,+002.51207,270.0,58.0,153.3,0F


[9466860]	$DSM00,153057,+50.80616,+002.45446,3206.0,72.0,174.4,0F


[9466938]	$DSM01,153057,+50.80004,+002.48531,164.0,0.0,0.0,0F


[9467047]	$DSM04,153057,+50.80471,+002.51244,268.0,59.0,153.3,0F


[9467329]	$DSM0C,153057,+50.79890,+002.49098,160.0,9.0,14.1,0F


[9467391]	$DSM0E,153057,+50.80473,+002.51244,272.0,59.0,153.3,0F


[9467875]	$DSM00,153058,+50.80552,+002.45456,3206.0,73.0,173.0,0F


[9467938]	$DSM01,153058,+50.80004,+002.48531,164.0,0.0,0.0,0F


[9468047]	$DSM04,153058,+50.80424,+002.51282,268.0,59.0,153.3,0F


[9468313]	$DSM0C,153058,+50.79898,+002.49102,160.0,9.0,16.9,0F


[9468407]	$DSM0E,153058,+50.80424,+002.51282,272.0,60.0,153.3,0F


[9468875]	$DSM00,153059,+50.80487,+002.45471,3206.0,73.0,170.2,0F


[9468938]	$DSM01,153059,+50.80004,+002.48531,164.0,0.0,0.0,0F


[9469032]	$DSM04,153059,+50.80374,+002.51321,266.0,60.0,153.3,0F


[9469329]	$DSM0C,153059,+50.79907,+002.49106,160.0,9.0,26.7,0F


[9469391]	$DSM0E,153059,+50.80376,+002.51321,270.0,60.0,153.3,0F


[9469875]	$DSM00,153100,+50.80423,+002.45493,3206.0,73.0,168.7,0F


[9469938]	$DSM01,153100,+50.80004,+002.48531,164.0,0.0,0.0,0F


[9470047]	$DSM04,153100,+50.80325,+002.51357,266.0,61.0,154.7,0F


[9470313]	$DSM0C,153100,+50.79912,+002.49113,158.0,8.0,38.0,0F


[9470391]	$DSM0E,153100,+50.80326,+002.51357,270.0,61.0,154.7,0F


[9470875]	$DSM00,153101,+50.80358,+002.45517,3204.0,73.0,165.9,0F


[9470938]	$DSM01,153101,+50.80004,+002.48531,164.0,0.0,0.0,0F


[9471032]	$DSM04,153101,+50.80275,+002.51394,264.0,62.0,154.7,0F


[9471329]	$DSM0C,153101,+50.79917,+002.49119,158.0,7.0,43.6,0F


[9471391]	$DSM0E,153101,+50.80276,+002.51394,268.0,62.0,154.7,0F


[9471875]	$DSM00,153102,+50.80295,+002.45542,3202.0,73.0,163.1,0F


[9471938]	$DSM01,153102,+50.80004,+002.48531,164.0,0.0,0.0,0F


[9472047]	$DSM04,153102,+50.80223,+002.51430,264.0,62.0,156.1,0F


[9472313]	$DSM0C,153102,+50.79921,+002.49128,156.0,6.0,68.9,0F


[9472391]	$DSM0E,153102,+50.80224,+002.51430,268.0,63.0,156.1,0F


[9472875]	$DSM00,153103,+50.80232,+002.45574,3202.0,73.0,161.7,0F


[9472938]	$DSM01,153103,+50.80004,+002.48531,164.0,0.0,0.0,0F


[9473032]	$DSM04,153103,+50.80172,+002.51465,262.0,63.0,157.5,0F


[9473329]	$DSM0C,153103,+50.79923,+002.49134,154.0,6.0,75.9,0F


[9473391]	$DSM0E,153103,+50.80172,+002.51465,266.0,63.0,157.5,0F


[9473860]	$DSM00,153104,+50.80169,+002.45611,3202.0,74.0,158.9,0F


[9473938]	$DSM01,153104,+50.80004,+002.48531,164.0,0.0,0.0,0F


[9474047]	$DSM04,153104,+50.80119,+002.51499,260.0,64.0,157.5,0F


[9474313]	$DSM0C,153104,+50.79924,+002.49143,152.0,6.0,87.2,0F


[9474391]	$DSM0E,153104,+50.80119,+002.51501,264.0,64.0,157.5,0F


[9474875]	$DSM00,153105,+50.80107,+002.45650,3200.0,74.0,157.5,0F


[9474938]	$DSM01,153105,+50.80004,+002.48531,164.0,0.0,0.0,0F


[9475032]	$DSM04,153105,+50.80065,+002.51533,258.0,64.0,157.5,0F


[9475313]	$DSM0C,153105,+50.79924,+002.49151,152.0,6.0,108.3,0F


[9475391]	$DSM0E,153105,+50.80065,+002.51533,264.0,64.0,158.9,0F


[9475860]	$DSM00,153106,+50.80046,+002.45692,3200.0,74.0,154.7,0F


[9475938]	$DSM01,153106,+50.80004,+002.48531,164.0,0.0,0.0,0F


[9476047]	$DSM04,153106,+50.80011,+002.51565,256.0,65.0,158.9,0F


[9476329]	$DSM0C,153106,+50.79921,+002.49160,150.0,7.0,122.3,0F


[9476391]	$DSM0E,153106,+50.80011,+002.51568,262.0,65.0,158.9,0F


[9476875]	$DSM00,153107,+50.79987,+002.45740,3200.0,74.0,153.3,0F


[9476938]	$DSM01,153107,+50.80004,+002.48531,164.0,0.0,0.0,0F


[9477047]	$DSM04,153107,+50.79956,+002.51600,256.0,65.0,158.9,0F


[9477313]	$DSM0C,153107,+50.79916,+002.49169,150.0,8.0,135.0,0F


[9477375]	$DSM0E,153107,+50.79956,+002.51600,262.0,65.0,158.9,0F


[9477860]	$DSM00,153108,+50.79929,+002.45789,3200.0,74.0,150.5,0F


[9477938]	$DSM01,153108,+50.80004,+002.48531,164.0,0.0,0.0,0F


[9478032]	$DSM04,153108,+50.79900,+002.51632,256.0,66.0,158.9,0F


[9478329]	$DSM0C,153108,+50.79911,+002.49177,148.0,10.0,142.0,0F


[9478391]	$DSM0E,153108,+50.79901,+002.51632,262.0,65.0,158.9,0F


[9478875]	$DSM00,153109,+50.79872,+002.45843,3202.0,74.0,147.7,0F


[9478938]	$DSM01,153109,+50.80004,+002.48531,164.0,0.0,0.0,0F


[9479047]	$DSM04,153109,+50.79845,+002.51668,256.0,66.0,156.1,0F


[9479313]	$DSM0C,153109,+50.79902,+002.49188,148.0,12.0,144.8,0F


[9479391]	$DSM0E,153109,+50.79845,+002.51668,262.0,65.0,156.1,0F


[9479875]	$DSM00,153110,+50.79816,+002.45901,3202.0,74.0,144.8,0F


[9479938]	$DSM01,153110,+50.80004,+002.48531,164.0,0.0,0.0,0F


[9480032]	$DSM04,153110,+50.79792,+002.51707,256.0,66.0,154.7,0F


[9480329]	$DSM0C,153110,+50.79892,+002.49199,146.0,14.0,143.4,0F


[9480391]	$DSM0E,153110,+50.79792,+002.51707,262.0,65.0,154.7,0F


[9480875]	$DSM00,153111,+50.79762,+002.45963,3202.0,74.0,143.4,0F


[9480938]	$DSM01,153111,+50.80004,+002.48531,164.0,0.0,0.0,0F


[9481047]	$DSM04,153111,+50.79739,+002.51748,256.0,65.0,153.3,0F


[9481313]	$DSM0C,153111,+50.79882,+002.49212,146.0,14.0,142.0,0F


[9481391]	$DSM0E,153111,+50.79739,+002.51748,264.0,66.0,153.3,0F


[9481875]	$DSM00,153112,+50.79710,+002.46027,3204.0,74.0,140.6,0F


[9481938]	$DSM01,153112,+50.80004,+002.48531,164.0,0.0,0.0,0F


[9482032]	$DSM04,153112,+50.79687,+002.51791,256.0,65.0,153.3,0F


[9482329]	$DSM0C,153112,+50.79872,+002.49222,144.0,14.0,142.0,0F


[9482391]	$DSM0E,153112,+50.79687,+002.51791,264.0,65.0,153.3,0F


[9482860]	$DSM00,153113,+50.79659,+002.46096,3204.0,74.0,139.2,0F


[9482922]	$DSM01,153113,+50.80004,+002.48531,164.0,0.0,0.0,0F


[9483047]	$DSM04,153113,+50.79635,+002.51834,258.0,65.0,151.9,0F


[9483313]	$DSM0C,153113,+50.79861,+002.49235,144.0,14.0,142.0,0F


[9483391]	$DSM0E,153113,+50.79634,+002.51834,266.0,65.0,151.9,0F


[9483875]	$DSM00,153114,+50.79610,+002.46167,3206.0,74.0,136.4,0F


[9483938]	$DSM01,153114,+50.80004,+002.48531,164.0,0.0,0.0,0F


[9484032]	$DSM04,153114,+50.79583,+002.51877,258.0,65.0,151.9,0F


[9484313]	$DSM0C,153114,+50.79852,+002.49248,142.0,14.0,140.6,0F


[9484391]	$DSM0E,153114,+50.79583,+002.51877,266.0,65.0,151.9,0F


[9484860]	$DSM00,153115,+50.79563,+002.46240,3208.0,73.0,135.0,0F


[9484922]	$DSM01,153115,+50.80004,+002.48531,164.0,0.0,0.0,0F


[9485047]	$DSM04,153115,+50.79531,+002.51920,258.0,65.0,151.9,0F


[9485313]	$DSM0C,153115,+50.79843,+002.49261,142.0,13.0,140.6,0F


[9485391]	$DSM0E,153115,+50.79530,+002.51920,266.0,65.0,151.9,0F


[9485875]	$DSM00,153116,+50.79518,+002.46317,3208.0,73.0,132.2,0F


[9485938]	$DSM01,153116,+50.80004,+002.48531,164.0,0.0,0.0,0F


[9486032]	$DSM04,153116,+50.79478,+002.51962,260.0,65.0,153.3,0F


[9486313]	$DSM0C,153116,+50.79833,+002.49272,142.0,13.0,142.0,0F


[9486375]	$DSM0E,153116,+50.79478,+002.51962,266.0,65.0,153.3,0F


[9486860]	$DSM00,153117,+50.79473,+002.46394,3210.0,73.0,130.8,0F


[9486938]	$DSM01,153117,+50.80004,+002.48531,164.0,0.0,0.0,0F


[9487032]	$DSM04,153117,+50.79426,+002.52003,260.0,65.0,153.3,0F


[9487329]	$DSM0C,153117,+50.79825,+002.49282,142.0,11.0,143.4,0F


[9487391]	$DSM0E,153117,+50.79426,+002.52003,268.0,65.0,153.3,0F


[9487860]	$DSM00,153118,+50.79431,+002.46476,3212.0,73.0,128.0,0F


[9487938]	$DSM01,153118,+50.80004,+002.48531,164.0,0.0,0.0,0F


[9488047]	$DSM04,153118,+50.79373,+002.52044,260.0,65.0,153.3,0F


[9488313]	$DSM0C,153118,+50.79817,+002.49293,140.0,10.0,143.4,0F


[9488375]	$DSM0E,153118,+50.79372,+002.52044,268.0,66.0,153.3,0F


[9488860]	$DSM00,153119,+50.79392,+002.46557,3214.0,73.0,126.6,0F


[9488938]	$DSM01,153119,+50.80004,+002.48531,164.0,0.0,0.0,0F


[9489032]	$DSM04,153119,+50.79320,+002.52087,262.0,65.0,153.3,0F


[9489313]	$DSM0C,153119,+50.79810,+002.49300,140.0,9.0,156.1,0F


[9489391]	$DSM0E,153119,+50.79320,+002.52087,268.0,66.0,153.3,0F


[9489860]	$DSM00,153120,+50.79353,+002.46643,3216.0,73.0,125.2,0F


[9489922]	$DSM01,153120,+50.80004,+002.48531,164.0,0.0,0.0,0F


[9490047]	$DSM04,153120,+50.79268,+002.52128,262.0,66.0,153.3,0F


[9490313]	$DSM0C,153120,+50.79801,+002.49302,140.0,9.0,180.0,0F


[9490391]	$DSM0E,153120,+50.79267,+002.52128,268.0,66.0,153.3,0F


[9490875]	$DSM00,153121,+50.79316,+002.46729,3220.0,72.0,123.7,0F


[9490938]	$DSM01,153121,+50.80004,+002.48531,164.0,0.0,0.0,0F


[9491032]	$DSM04,153121,+50.79215,+002.52171,262.0,66.0,153.3,0F


[9491313]	$DSM0C,153121,+50.79792,+002.49300,140.0,11.0,199.7,0F


[9491391]	$DSM0E,153121,+50.79215,+002.52171,268.0,65.0,153.3,0F


[9491860]	$DSM00,153122,+50.79281,+002.46815,3222.0,72.0,120.9,0F


[9491922]	$DSM01,153122,+50.80004,+002.48531,164.0,0.0,0.0,0F


[9492032]	$DSM04,153122,+50.79161,+002.52211,264.0,65.0,154.7,0F


[9492313]	$DSM0C,153122,+50.79783,+002.49291,138.0,13.0,212.3,0F


[9492391]	$DSM0E,153122,+50.79161,+002.52211,270.0,65.0,154.7,0F


[9492875]	$DSM00,153123,+50.79248,+002.46905,3226.0,72.0,119.5,0F


[9492938]	$DSM01,153123,+50.80004,+002.48531,164.0,0.0,0.0,0F


[9493032]	$DSM04,153123,+50.79108,+002.52250,264.0,65.0,154.7,0F


[9493313]	$DSM0C,153123,+50.79772,+002.49280,138.0,14.0,216.6,0F


[9493375]	$DSM0E,153123,+50.79107,+002.52250,270.0,65.0,154.7,0F


[9493860]	$DSM00,153124,+50.79218,+002.46995,3228.0,72.0,118.1,0F


[9493922]	$DSM01,153124,+50.80004,+002.48531,164.0,0.0,0.0,0F


[9494032]	$DSM04,153124,+50.79056,+002.52291,264.0,65.0,154.7,0F


[9494313]	$DSM0C,153124,+50.79762,+002.49267,138.0,15.0,219.4,0F


[9494391]	$DSM0E,153124,+50.79055,+002.52289,270.0,65.0,154.7,0F


[9494875]	$DSM00,153125,+50.79188,+002.47085,3232.0,72.0,116.7,0F


[9494938]	$DSM01,153125,+50.80004,+002.48531,164.0,0.0,0.0,0F


[9495032]	$DSM04,153125,+50.79003,+002.52329,264.0,64.0,153.3,0F


[9495313]	$DSM0C,153125,+50.79750,+002.49254,136.0,15.0,219.4,0F


[9495375]	$DSM0E,153125,+50.79002,+002.52329,272.0,65.0,153.3,0F


[9495860]	$DSM00,153126,+50.79160,+002.47177,3234.0,72.0,115.3,0F


[9495922]	$DSM01,153126,+50.80004,+002.48531,164.0,0.0,0.0,0F


[9496313]	$DSM0C,153126,+50.79740,+002.49242,134.0,14.0,215.2,0F


[9496391]	$DSM0E,153126,+50.78949,+002.52370,272.0,65.0,153.3,0F


[9496860]	$DSM00,153127,+50.79134,+002.47272,3234.0,72.0,112.5,0F


[9496922]	$DSM01,153127,+50.80004,+002.48531,164.0,0.0,0.0,0F


[9497032]	$DSM04,153127,+50.78900,+002.52413,266.0,64.0,151.9,0B


[9497313]	$DSM0C,153127,+50.79729,+002.49231,134.0,14.0,205.3,0F


[9497375]	$DSM0E,153127,+50.78898,+002.52413,274.0,64.0,151.9,0F


[9497860]	$DSM00,153128,+50.79109,+002.47366,3234.0,72.0,111.1,0F


[9497938]	$DSM01,153128,+50.80004,+002.48531,164.0,0.0,0.0,0F


[9498032]	$DSM04,153128,+50.78848,+002.52454,268.0,64.0,151.9,0F


[9498313]	$DSM0C,153128,+50.79718,+002.49227,132.0,13.0,195.5,0F


[9498391]	$DSM0E,153128,+50.78848,+002.52456,276.0,64.0,151.9,0F


[9498860]	$DSM00,153129,+50.79088,+002.47463,3234.0,72.0,109.7,0F


[9498922]	$DSM01,153129,+50.80004,+002.48531,164.0,0.0,0.0,0F


[9499313]	$DSM0C,153129,+50.79706,+002.49222,132.0,13.0,191.2,0F


[9499375]	$DSM0E,153129,+50.78797,+002.52499,278.0,63.0,150.5,0F


[9499860]	$DSM00,153130,+50.79066,+002.47559,3236.0,72.0,108.3,0F


[9499938]	$DSM01,153130,+50.80004,+002.48531,164.0,0.0,0.0,0F


[9500032]	$DSM04,153130,+50.78749,+002.52542,274.0,64.0,151.9,0F


[9500313]	$DSM0C,153130,+50.79694,+002.49218,130.0,12.0,188.4,0F


[9500375]	$DSM0E,153130,+50.78747,+002.52542,280.0,63.0,151.9,0F


[9500860]	$DSM00,153131,+50.79048,+002.47656,3236.0,72.0,105.5,0F


[9500922]	$DSM01,153131,+50.80004,+002.48531,164.0,0.0,0.0,0F


[9501032]	$DSM04,153131,+50.78698,+002.52585,278.0,63.0,151.9,0F


[9501313]	$DSM0C,153131,+50.79684,+002.49216,130.0,11.0,201.1,0F


[9501391]	$DSM0E,153131,+50.78696,+002.52583,284.0,63.0,151.9,0F


[9501875]	$DSM00,153132,+50.79032,+002.47757,3238.0,72.0,104.1,0F


[9501938]	$DSM01,153132,+50.80004,+002.48531,164.0,0.0,0.0,0F


[9502032]	$DSM04,153132,+50.78647,+002.52625,278.0,63.0,151.9,0F


[9502313]	$DSM0C,153132,+50.79675,+002.49207,132.0,11.0,216.6,0F


[9502375]	$DSM0E,153132,+50.78647,+002.52625,286.0,64.0,151.9,0F


[9502860]	$DSM00,153133,+50.79017,+002.47855,3238.0,72.0,101.2,0F


[9502922]	$DSM01,153133,+50.80004,+002.48531,164.0,0.0,0.0,0F


[9503032]	$DSM04,153133,+50.78596,+002.52668,280.0,64.0,153.3,0F


[9503313]	$DSM0C,153133,+50.79666,+002.49197,130.0,12.0,220.8,0F


[9503391]	$DSM0E,153133,-00.01482,+002.52666,286.0,64.0,151.9,0B


[9503860]	$DSM00,153134,+50.79005,+002.47956,3240.0,72.0,99.8,0F


[9503938]	$DSM01,153134,+50.80004,+002.48531,164.0,0.0,0.0,0F


[9504032]	$DSM04,153134,+50.78546,+002.52709,280.0,64.0,151.9,0F


[9504313]	$DSM0C,153134,+50.79657,+002.49184,130.0,14.0,227.8,0F


[9504375]	$DSM0E,153134,+50.78545,+002.52709,286.0,64.0,151.9,0F


[9504860]	$DSM00,153135,+50.78996,+002.48057,3240.0,72.0,97.0,0F


[9504922]	$DSM01,153135,+50.80004,+002.48531,164.0,0.0,0.0,0F


[9505032]	$DSM04,153135,+50.78493,+002.52752,278.0,65.0,153.3,0F


[9505313]	$DSM0C,153135,+50.79650,+002.49169,130.0,13.0,226.4,0F


[9505391]	$DSM0E,153135,+50.78493,+002.52752,286.0,65.0,153.3,0F


[9505860]	$DSM00,153136,+50.78988,+002.48160,3240.0,72.0,95.6,0F


[9505922]	$DSM01,153136,+50.80004,+002.48531,164.0,0.0,0.0,0F


[9506032]	$DSM04,153136,+50.78441,+002.52793,276.0,65.0,153.3,0F


[9506313]	$DSM0C,153136,+50.79641,+002.49158,128.0,11.0,220.8,0F


[9506860]	$DSM00,153137,+50.78984,+002.48263,3240.0,72.0,92.8,0F


[9506922]	$DSM01,153137,+50.80004,+002.48531,164.0,0.0,0.0,0F


[9507032]	$DSM04,153137,+50.78148,-000.01775,16658.0,66.0,154.7,0B


[9507297]	$DSM0C,153137,+50.79634,+002.49149,128.0,8.0,212.3,0F


[9507860]	$DSM00,153138,+50.78982,+002.48366,3240.0,72.0,91.4,0F


[9507922]	$DSM01,153138,+50.80004,+002.48531,164.0,0.0,0.0,0F


[9508032]	$DSM04,153138,+50.78335,+002.52874,272.0,66.0,154.7,0F


[9508313]	$DSM0C,153138,+50.79628,+002.49145,126.0,7.0,202.5,0F


[9508375]	$DSM0E,153138,+50.78335,+002.52874,280.0,66.0,154.7,0F


[9508860]	$DSM00,153139,+50.78982,+002.48469,3238.0,73.0,90.0,0F


[9508922]	$DSM01,153139,+50.80004,+002.48531,164.0,0.0,0.0,0F


[9509032]	$DSM04,153139,+50.78280,+002.52915,268.0,67.0,154.7,0F


[9509297]	$DSM0C,153139,+50.79621,+002.49143,126.0,6.0,185.6,0F


[9509391]	$DSM0E,153139,+50.78279,+002.52915,276.0,67.0,154.7,0F


[9509875]	$DSM00,153140,+50.78983,+002.48572,3238.0,73.0,87.2,0F


[9509938]	$DSM01,153140,+50.80004,+002.48531,164.0,0.0,0.0,0F


[9510047]	$DSM04,153141,+50.78225,+002.52956,264.0,68.0,154.7,0B


[9510329]	$DSM0C,153140,+50.79616,+002.49143,124.0,6.0,168.7,0F


[9510391]	$DSM0E,153140,+50.78224,+002.52956,272.0,68.0,154.7,0F


[9510875]	$DSM00,153141,+50.78987,+002.48675,3236.0,73.0,85.8,0F


[9510954]	$DSM01,153141,+50.80004,+002.48531,164.0,0.0,0.0,0F


[9511047]	$DSM04,153141,+50.78169,+002.53005,16644.0,68.0,156.1,0B


[9511329]	$DSM0C,153141,+50.79610,+002.49147,124.0,8.0,147.7,0F


[9511391]	$DSM0E,153141,+50.78168,+002.52997,268.0,68.0,156.1,0F


[9511875]	$DSM00,153142,+50.78993,+002.48780,3234.0,73.0,84.4,0F


[9511938]	$DSM01,153142,+50.80004,+002.48531,164.0,0.0,0.0,0F


[9512047]	$DSM04,153142,+50.78114,+002.53035,256.0,68.0,156.1,0F


[9512329]	$DSM0C,153142,+50.79604,+002.49156,122.0,9.0,130.8,0F


[9512407]	$DSM0E,153142,+50.78112,+002.53035,264.0,68.0,156.1,0F


[9512860]	$DSM00,153143,+50.79002,+002.48883,3232.0,74.0,81.6,0F


[9512954]	$DSM01,153143,+50.80004,+002.48531,164.0,0.0,0.0,0F


[9513047]	$DSM04,153143,+50.78058,+002.53076,252.0,69.0,156.1,0F


[9513329]	$DSM0C,153143,+50.79600,+002.49166,122.0,11.0,119.5,0F


[9513391]	$DSM0E,153143,+50.78056,+002.53076,260.0,69.0,156.1,0F


[9513875]	$DSM00,153144,+50.79012,+002.48988,3230.0,74.0,80.2,0F


[9513938]	$DSM01,153144,+50.80004,+002.48531,164.0,0.0,0.0,0F


[9514047]	$DSM04,153144,+50.78001,+002.53117,250.0,69.0,154.7,0F


[9514329]	$DSM0C,153144,+50.79596,+002.49182,120.0,11.0,106.9,0F


[9514407]	$DSM0E,153144,+51.08762,+002.53117,256.0,69.0,143.4,4B


[9514875]	$DSM00,153145,+50.79026,+002.49091,3228.0,75.0,78.7,0F


[9514938]	$DSM01,153145,+50.80004,+002.48531,164.0,0.0,0.0,0F


[9515047]	$DSM04,153145,+50.77945,+002.53160,246.0,68.0,154.7,0F


[9515329]	$DSM0C,153145,+50.79594,+002.49197,118.0,12.0,91.4,0F


[9515391]	$DSM0E,153145,+50.77944,+002.53158,252.0,69.0,154.7,0F


[9515875]	$DSM00,153146,+50.79040,+002.49197,3226.0,75.0,75.9,0F


[9515938]	$DSM01,153146,+50.80004,+002.48531,164.0,0.0,0.0,0F


[9516047]	$DSM04,153146,+50.77891,+002.61992,242.0,69.0,153.3,0B


[9516313]	$DSM0C,153146,+50.79596,+002.49214,118.0,12.0,75.9,0F


[9516407]	$DSM0E,153146,+50.77888,+002.53201,250.0,69.0,153.3,0F


[9516875]	$DSM00,153147,+50.79058,+002.49300,3224.0,75.0,74.5,0F


[9516938]	$DSM01,153147,+50.80004,+002.48531,164.0,0.0,0.0,0F


[9517047]	$DSM04,153147,+50.77836,+002.53246,240.0,68.0,153.3,0B


[9517329]	$DSM0C,153147,+50.79600,+002.49231,116.0,13.0,68.9,0F


[9517391]	$DSM0E,153147,+50.77832,+002.53246,758.0,69.0,153.3,0B


[9517860]	$DSM00,153148,+50.79077,+002.49403,3222.0,76.0,73.1,0F


[9517922]	$DSM01,153148,+50.80004,+002.48531,164.0,0.0,0.0,0F


[9518047]	$DSM04,153148,+50.77780,+002.53291,238.0,69.0,151.9,0F


[9518313]	$DSM0C,153148,+50.79604,+002.49246,114.0,11.0,67.5,0F


[9518391]	$DSM0E,153148,+50.77776,+002.53291,246.0,69.0,151.9,0F


[9518875]	$DSM00,153149,+50.79097,+002.49506,3222.0,76.0,71.7,0F


[9518938]	$DSM01,153149,+50.80004,+002.48531,164.0,0.0,0.0,0F


[9519032]	$DSM04,153149,+50.77725,+002.53338,238.0,69.0,151.9,0F


[9519313]	$DSM0C,153149,+50.79606,+002.49261,112.0,10.0,78.7,0F


[9519375]	$DSM0E,153149,+50.77722,+002.53338,244.0,69.0,151.9,0F


[9519860]	$DSM00,153150,+50.79120,+002.49606,3220.0,76.0,70.3,0F


[9519922]	$DSM01,153150,+50.80004,+002.48531,164.0,0.0,0.0,0F


[9520032]	$DSM04,153150,+50.77671,+002.53383,236.0,69.0,150.5,0F


[9520313]	$DSM0C,153150,+50.79606,+002.49274,110.0,8.0,95.6,0F


[9520391]	$DSM0E,153150,+50.77668,+002.53383,242.0,69.0,150.5,0F


[9520875]	$DSM00,153151,+50.79146,+002.49709,3220.0,76.0,68.9,0F


[9520938]	$DSM01,153151,+50.80004,+002.48531,164.0,0.0,0.0,0F


[9521032]	$DSM04,153151,+50.77616,+002.53432,236.0,69.0,150.5,0F


[9521313]	$DSM0C,153151,+50.79603,+002.49285,110.0,8.0,123.7,0F


[9521375]	$DSM0E,153151,+50.77614,+002.53432,242.0,69.0,150.5,0F


[9521860]	$DSM00,153152,+50.79172,+002.49808,3218.0,76.0,67.5,0F


[9521938]	$DSM01,153152,+50.80004,+002.48531,164.0,0.0,0.0,0F


[9522329]	$DSM0C,153152,+50.79597,+002.49293,108.0,10.0,153.3,0F


[9522391]	$DSM0E,153152,+50.77560,+002.53479,240.0,69.0,149.1,0F


[9522875]	$DSM00,153153,+50.79198,+002.49909,3218.0,76.0,66.1,0F


[9522938]	$DSM01,153153,+50.80004,+002.48531,164.0,0.0,0.0,0F


[9523047]	$DSM04,153153,+50.77508,+002.53531,234.0,69.0,149.1,0F


[9523313]	$DSM0C,153153,+50.79588,+002.49295,108.0,11.0,181.4,0F


[9523375]	$DSM0E,153153,+50.77507,+002.53531,240.0,69.0,149.1,0F


[9523860]	$DSM00,153154,+50.79228,+002.50008,3218.0,77.0,64.7,0F


[9523938]	$DSM01,153154,+50.80004,+002.48531,164.0,0.0,0.0,0F


[9524032]	$DSM04,153154,+50.77455,+002.53580,236.0,69.0,149.1,0F


[9524329]	$DSM0C,153154,+50.79577,+002.49293,108.0,12.0,199.7,0F


[9524391]	$DSM0E,153154,+50.77454,+002.53580,240.0,68.0,149.1,0F


[9524860]	$DSM00,153155,+50.79259,+002.50106,3216.0,77.0,63.3,0F


[9524922]	$DSM01,153155,+50.80004,+002.48531,164.0,0.0,0.0,0F


[9525047]	$DSM04,153155,+50.77402,+002.53632,236.0,68.0,149.1,0F


[9525313]	$DSM0C,153155,+50.79566,+002.49285,108.0,13.0,206.7,0F


[9525391]	$DSM0E,153155,+50.77401,+002.53632,240.0,68.0,149.1,0F


[9525875]	$DSM00,153156,+50.79291,+002.50203,3216.0,77.0,61.9,0F


[9525938]	$DSM01,153156,+50.80004,+002.48531,164.0,0.0,0.0,0F


[9526032]	$DSM04,153156,+50.77350,+002.53683,236.0,68.0,149.1,0F


[9526329]	$DSM0C,153156,+50.79555,+002.49278,106.0,14.0,199.7,0F


[9526391]	$DSM0E,153156,+50.77350,+002.53681,240.0,68.0,149.1,0F


[9526860]	$DSM00,153157,+50.79324,+002.50299,3216.0,77.0,60.5,0F


[9526922]	$DSM01,153157,+50.80004,+002.48531,164.0,0.0,0.0,0F


[9527047]	$DSM04,153157,+50.77298,+002.53733,238.0,68.0,149.1,0F


[9527313]	$DSM0C,153157,+50.79542,+002.49272,104.0,14.0,194.1,0F


[9527391]	$DSM0E,153157,+50.77297,+002.53733,242.0,67.0,149.1,0F


[9527875]	$DSM00,153158,+50.79358,+002.50394,3216.0,77.0,59.1,0F


[9527938]	$DSM01,153158,+50.80004,+002.48531,164.0,0.0,0.0,0F


[9528032]	$DSM04,153158,+50.77246,+002.53784,240.0,68.0,149.1,0F


[9528313]	$DSM0C,153158,+50.79530,+002.49267,102.0,14.0,194.1,0F


[9528391]	$DSM0E,153158,+50.77244,+002.53780,244.0,66.0,149.1,0F


[9528860]	$DSM00,153159,+50.79395,+002.50488,3216.0,77.0,57.7,0F


[9528922]	$DSM01,153159,+50.80004,+002.48531,166.0,0.0,0.0,0F


[9529032]	$DSM04,153159,+50.77193,+002.53831,242.0,68.0,150.5,0F


[9529313]	$DSM0C,153159,+50.79518,+002.49261,100.0,13.0,203.9,0F


[9529391]	$DSM0E,153159,+50.77194,+002.53827,242.0,65.0,150.5,0B


[9529875]	$DSM00,153200,+50.79432,+002.50578,3218.0,77.0,56.2,0F


[9529938]	$DSM01,153200,+50.80004,+002.48531,166.0,0.0,0.0,0F


[9530313]	$DSM0C,153200,+50.79508,+002.49250,100.0,13.0,219.4,0F


[9530375]	$DSM0E,153200,+50.77142,+002.53872,250.0,65.0,151.9,0F


[9530860]	$DSM00,153201,+50.79472,+002.50671,3218.0,77.0,54.8,0F


[9530922]	$DSM01,153201,+50.80004,+002.48531,166.0,0.0,0.0,0F


[9531032]	$DSM04,153201,+50.77088,+002.53922,252.0,66.0,151.9,0F


[9531313]	$DSM0C,153201,+50.79500,+002.49235,100.0,13.0,230.6,0F


[9531391]	$DSM0E,153201,+50.77090,+002.53917,254.0,65.0,151.9,0F


[9531875]	$DSM00,153202,+50.79512,+002.50759,3220.0,77.0,53.4,0F


[9531938]	$DSM01,153202,+50.80004,+002.48531,166.0,0.0,0.0,0F


[9532032]	$DSM04,153202,+50.77037,+002.53967,258.0,65.0,150.5,0F


[9532313]	$DSM0C,153202,+50.79492,+002.49220,100.0,14.0,230.6,0F


[9532375]	$DSM0E,153202,+50.77039,+002.53962,260.0,64.0,150.5,0F


[9532860]	$DSM00,153203,+50.79555,+002.50844,3222.0,76.0,52.0,0F


[9532938]	$DSM01,153203,+50.80004,+002.48531,166.0,0.0,0.0,0F


[9533032]	$DSM04,153203,+50.76987,+002.54012,262.0,64.0,150.5,0F


[9533329]	$DSM0C,153203,+50.79481,+002.49203,98.0,15.0,230.6,0F


[9533391]	$DSM0E,153203,+50.76988,+002.54009,264.0,65.0,150.5,0F


[9533860]	$DSM00,153204,+50.79597,+002.50928,3224.0,76.0,50.6,0F


[9533938]	$DSM01,153204,+50.80004,+002.48531,166.0,0.0,0.0,0F


[9534047]	$DSM04,153204,+50.76936,+002.54059,264.0,65.0,150.5,0F


[9534313]	$DSM0C,153204,+50.79474,+002.49186,96.0,15.0,232.0,0F


[9534375]	$DSM0E,153204,+50.76939,+002.54055,268.0,65.0,150.5,0F


[9534860]	$DSM00,153205,+50.79643,+002.51012,3224.0,76.0,49.2,0F


[9534938]	$DSM01,153205,+50.80004,+002.48531,166.0,0.0,0.0,0F


[9535032]	$DSM04,153205,+50.76886,+002.54104,268.0,66.0,151.9,0F


[9535329]	$DSM0C,153205,+50.79465,+002.49169,94.0,17.0,233.4,0F


[9535391]	$DSM0E,153205,+50.76888,+002.54100,270.0,65.0,150.5,0F


[9535860]	$DSM00,153206,+50.79690,+002.51091,3224.0,77.0,47.8,0F


[9535922]	$DSM01,153206,+50.80004,+002.48531,166.0,0.0,0.0,0F


[9536047]	$DSM04,153206,+50.76834,+002.54147,268.0,66.0,151.9,0F


[9536313]	$DSM0C,153206,+50.79455,+002.49147,94.0,18.0,234.8,0F


[9536391]	$DSM0E,153206,+50.76836,+002.54145,272.0,66.0,151.9,0F


[9536875]	$DSM00,153207,+50.79737,+002.51171,3222.0,77.0,45.0,0F


[9536938]	$DSM01,153207,+50.80004,+002.48531,166.0,0.0,0.0,0F


[9537032]	$DSM04,153207,+50.76781,+002.54192,268.0,67.0,151.9,0F


[9537313]	$DSM0C,153207,+50.79445,+002.49126,94.0,18.0,233.4,0F


[9537391]	$DSM0E,153207,+50.76784,+002.54188,272.0,66.0,151.9,0F


[9537860]	$DSM00,153208,+50.79786,+002.51248,3222.0,77.0,43.6,0F


[9537922]	$DSM01,153208,+50.80004,+002.48531,166.0,0.0,0.0,0F


[9538032]	$DSM04,153208,+50.76728,+002.54235,266.0,67.0,151.9,0F


[9538313]	$DSM0C,153208,+50.79436,+002.49104,92.0,18.0,233.4,0F


[9538391]	$DSM0E,153208,+50.76730,+002.54233,270.0,67.0,151.9,0F


[9538875]	$DSM00,153209,+50.79838,+002.51323,3220.0,77.0,42.2,0F


[9538938]	$DSM01,153209,+50.80004,+002.48531,166.0,0.0,0.0,0F


[9539032]	$DSM04,153209,+50.76674,+002.54280,264.0,68.0,153.3,0F


[9539329]	$DSM0C,153209,+50.79426,+002.49083,92.0,19.0,233.4,0F


[9539391]	$DSM0E,153209,+50.76676,+002.54276,266.0,68.0,153.3,0F


[9539860]	$DSM00,153210,+50.79890,+002.51396,3218.0,77.0,39.4,0F


[9539938]	$DSM01,153210,+50.80004,+002.48531,166.0,0.0,0.0,0F


[9540047]	$DSM04,153210,+50.76620,+002.54323,262.0,68.0,153.3,0F


[9540313]	$DSM0C,153210,+50.79415,+002.49059,92.0,19.0,234.8,0F


[9540391]	$DSM0E,153210,+50.76621,+002.54321,262.0,68.0,153.3,0F


[9540875]	$DSM00,153211,+50.79944,+002.51465,3216.0,78.0,38.0,0F


[9540938]	$DSM01,153211,+50.80004,+002.48531,166.0,0.0,0.0,0F


[9541032]	$DSM04,153211,+50.76565,+002.54366,258.0,68.0,153.3,0F


